Delta,Time,CPU_FREQUENCY_0,CPU_FREQUENCY_1,CPU_FREQUENCY_2,CPU_FREQUENCY_3,CPU_FREQUENCY_4,CPU_FREQUENCY_5,CPU_USAGE_0,CPU_USAGE_1,CPU_USAGE_2,CPU_USAGE_3,CPU_USAGE_4,CPU_USAGE_5,DRAM_ENERGY (J),PACKAGE_ENERGY (J),PP0_ENERGY (J),PP1_ENERGY (J),TOTAL_MEMORY,TOTAL_SWAP,USED_MEMORY,USED_SWAP
0,1743633960993,3696,3696,3696,3696,3696,3696,100,100,100,100,100,100,3053.4917602539063,86720.20672607422,73737.49688720703,0,17112264704,62914560000,4497666048,0
200,1743633960993,3696,3696,3696,3696,3696,3696,77.85692596435547,99.9136734008789,82.47444152832031,74.57843780517578,86.78308868408203,76.80502319335938,3053.4984130859375,86720.33404541016,73737.6117553711,0,17112264704,62914560000,4497207296,0
199,1743633961194,3696,3696,3696,3696,3696,3696,12.987396240234375,48.28225326538086,23.646392822265625,12.347610473632813,18.712631225585938,22.65087890625,3053.6529541015625,86725.18395996094,73741.75988769531,0,17112264704,62914560000,4519055360,0
198,1743633961396,3696,3696,3696,3696,3696,3696,11.556365966796875,29.528091430664063,2.0053863525390625,13.649772644042969,25.520706176757813,54.49758529663086,3053.8168334960938,86730.1859741211,73746.06494140625,0,17112264704,62914560000,4554956800,0
200,1743633961595,3696,3696,3696,3696,3696,3696,17.892715454101563,47.74219512939453,53.73999786376953,14.784683227539063,7.116729736328125,30.727943420410156,3054.0305786132813,86735.78918457031,73750.96301269531,0,17112264704,62914560000,4631625728,0
200,1743633961795,3696,3696,3696,3696,3696,3696,29.999755859375,27.79583740234375,35.39598846435547,16.16858673095703,20.387054443359375,8.793556213378906,3054.184814453125,86740.7622680664,73755.24053955078,0,17112264704,62914560000,4641263616,0
200,1743633961995,3696,3696,3696,3696,3696,3696,3.6793441772460938,1.6217193603515625,39.22871398925781,54.74310302734375,7.70489501953125,3.3308868408203125,3054.3380126953125,86745.38397216797,73759.13696289063,0,17112264704,62914560000,4662407168,0
200,1743633962196,3696,3696,3696,3696,3696,3696,9.906700134277344,14.206146240234375,10.721893310546875,28.18543243408203,33.731597900390625,36.53239822387695,3054.4960327148438,86750.36596679688,73763.40350341797,0,17112264704,62914560000,4689346560,0
200,1743633962397,3696,3696,3696,3696,3696,3696,1.9590682983398438,70.71195983886719,1.4516983032226563,8.899986267089844,1.995941162109375,32.144630432128906,3054.6649780273438,86754.86993408203,73767.21240234375,0,17112264704,62914560000,4709937152,0
200,1743633962597,3696,3696,3696,3696,3696,3696,11.831588745117188,54.84252166748047,25.955764770507813,18.343582153320313,4.540496826171875,25.185043334960938,3054.8363647460938,86759.91204833984,73771.53546142578,0,17112264704,62914560000,4738985984,0
200,1743633962797,3696,3696,3696,3696,3696,3696,39.045249938964844,49.05567932128906,5.81585693359375,12.242095947265625,3.0785903930664063,15.669952392578125,3055.0332641601563,86764.47839355469,73775.40948486328,0,17112264704,62914560000,4766670848,0
200,1743633962998,3696,3696,3696,3696,3696,3696,10.639823913574219,16.28734588623047,1.8573989868164063,9.23907470703125,47.70290756225586,25.179962158203125,3055.1550903320313,86769.18151855469,73779.41589355469,0,17112264704,62914560000,4778598400,0
200,1743633963199,3696,3696,3696,3696,3696,3696,35.786468505859375,44.948726654052734,7.1536712646484375,15.24322509765625,25.253746032714844,14.927200317382813,3055.3017578125,86774.57501220703,73784.07458496094,0,17112264704,62914560000,4754583552,0
200,1743633963399,3696,3696,3696,3696,3696,3696,16.690048217773438,53.93705368041992,16.413307189941406,11.726966857910156,2.2131729125976563,32.475311279296875,3055.4566040039063,86779.5307006836,73788.34173583984,0,17112264704,62914560000,4797407232,0
200,1743633963600,3696,3696,3696,3696,3696,3696,18.134857177734375,64.49365997314453,2.9138565063476563,7.783256530761719,2.583709716796875,22.665626525878906,3055.6290283203125,86784.2650756836,73792.35424804688,0,17112264704,62914560000,4820393984,0
200,1743633963800,3696,3696,3696,3696,3696,3696,16.941650390625,27.36089324951172,42.48979568481445,8.833763122558594,3.1369781494140625,26.27996826171875,3055.8095703125,86788.89715576172,73796.27947998047,0,17112264704,62914560000,4840140800,0
200,1743633964001,3696,3696,3696,3696,3696,3696,10.354026794433594,28.432044982910156,55.68415451049805,7.418975830078125,1.9228591918945313,15.645149230957031,3055.9527587890625,86793.57641601563,73800.27490234375,0,17112264704,62914560000,4865363968,0
200,1743633964201,3696,3696,3696,3696,3696,3696,31.761245727539063,67.75703430175781,15.85125732421875,4.231658935546875,1.4035186767578125,3.0567245483398438,3056.1030883789063,86798.46325683594,73804.4429321289,0,17112264704,62914560000,4893294592,0
200,1743633964401,3696,3696,3696,3696,3696,3696,9.594215393066406,71.30397033691406,18.97075653076172,11.389488220214844,7.084938049316406,15.282211303710938,3056.2877197265625,86803.29956054688,73808.5796508789,0,17112264704,62914560000,4919812096,0
200,1743633964602,3696,3696,3696,3696,3696,3696,23.25885009765625,6.8080291748046875,74.8103256225586,7.037635803222656,13.739700317382813,6.283782958984375,3056.443359375,86807.81372070313,73812.39208984375,0,17112264704,62914560000,4899749888,0
199,1743633964802,3696,3696,3696,3696,3696,3696,10.445106506347656,22.574172973632813,75.80683898925781,8.317131042480469,6.9678192138671875,11.095115661621094,3056.6555786132813,86812.65167236328,73816.52142333984,0,17112264704,62914560000,4914188288,0
200,1743633965002,3696,3696,3696,3696,3696,3696,19.495010375976563,33.658538818359375,26.154678344726563,19.008148193359375,16.794174194335938,18.234298706054688,3056.7682495117188,86817.42864990234,73820.6001586914,0,17112264704,62914560000,4914188288,0
200,1743633965202,3696,3696,3696,3696,3696,3696,18.37104034423828,29.565040588378906,25.596107482910156,21.704452514648438,20.156539916992188,20.212982177734375,3056.889404296875,86822.16900634766,73824.63146972656,0,17112264704,62914560000,4911960064,0
200,1743633965403,3696,3696,3696,3696,3696,3696,13.649482727050781,31.19487762451172,26.492530822753906,28.70606231689453,17.468368530273438,24.663978576660156,3057.0122680664063,86826.99334716797,73828.77154541016,0,17112264704,62914560000,4911837184,0
200,1743633965603,3696,3696,3696,3696,3696,3696,10.167098999023438,45.45938491821289,16.547950744628906,30.856048583984375,14.944160461425781,14.243110656738281,3057.1393432617188,86831.7377319336,73832.8023071289,0,17112264704,62914560000,4910608384,0
200,1743633965804,3696,3696,3696,3696,3696,3696,15.793846130371094,35.211944580078125,19.185684204101563,32.18145751953125,20.935691833496094,18.752601623535156,3057.2647094726563,86836.6919555664,73837.06414794922,0,17112264704,62914560000,4913573888,0
200,1743633966004,3696,3696,3696,3696,3696,3696,14.510063171386719,28.9686279296875,26.667930603027344,24.552505493164063,26.468162536621094,23.356597900390625,3057.386474609375,86841.58135986328,73841.265625,0,17112264704,62914560000,4913369088,0
200,1743633966204,3696,3696,3696,3696,3696,3696,27.934616088867188,28.395484924316406,22.99560546875,15.459785461425781,22.423316955566406,14.008255004882813,3057.51318359375,86846.2748413086,73845.24676513672,0,17112264704,62914560000,4912283648,0
200,1743633966404,3696,3696,3696,3696,3696,3696,17.31383514404297,40.99211883544922,20.59136199951172,22.055191040039063,19.20429229736328,25.542800903320313,3057.636962890625,86851.16131591797,73849.43762207031,0,17112264704,62914560000,4911472640,0
200,1743633966605,3696,3696,3696,3696,3696,3696,10.438461303710938,45.52882766723633,23.30585479736328,23.688621520996094,15.948898315429688,14.570426940917969,3057.751708984375,86855.95190429688,73853.51708984375,0,17112264704,62914560000,4909129728,0
200,1743633966806,3696,3696,3696,3696,3696,3696,18.179344177246094,51.23090362548828,21.162269592285156,19.898765563964844,14.846328735351563,16.063499450683594,3057.888427734375,86860.783203125,73857.65234375,0,17112264704,62914560000,4912672768,0
200,1743633967006,3696,3696,3696,3696,3696,3696,10.783454895019531,34.127586364746094,16.92241668701172,31.522430419921875,14.51458740234375,16.84241485595703,3058,86865.35632324219,73861.54998779297,0,17112264704,62914560000,4912607232,0
200,1743633967206,3696,3696,3696,3696,3696,3696,9.577041625976563,32.384063720703125,21.659591674804688,30.289794921875,19.951126098632813,26.641036987304688,3058.1168212890625,86870.27264404297,73865.77014160156,0,17112264704,62914560000,4912451584,0
200,1743633967406,3696,3696,3696,3696,3696,3696,18.190902709960938,32.023284912109375,22.950042724609375,22.677223205566406,17.022560119628906,28.246444702148438,3058.2417602539063,86875.07843017578,73869.85870361328,0,17112264704,62914560000,4912451584,0
200,1743633967607,3696,3696,3696,3696,3696,3696,23.124176025390625,19.342254638671875,17.693222045898438,19.35761260986328,33.05830383300781,14.947547912597656,3058.3633422851563,86879.66906738281,73873.76599121094,0,17112264704,62914560000,4912107520,0
200,1743633967807,3696,3696,3696,3696,3696,3696,20.325950622558594,27.587623596191406,18.33031463623047,38.06653594970703,20.468421936035156,13.867340087890625,3058.4840087890625,86884.38208007813,73877.77160644531,0,17112264704,62914560000,4911566848,0
200,1743633968008,3696,3696,3696,3696,3696,3696,12.256912231445313,21.119789123535156,24.24077606201172,46.17568588256836,11.298812866210938,11.143104553222656,3058.5973510742188,86888.9692993164,73881.67053222656,0,17112264704,62914560000,4910497792,0
200,1743633968208,3696,3696,3696,3696,3696,3696,12.614151000976563,44.11193084716797,20.72698211669922,24.093719482421875,14.951217651367188,11.916450500488281,3058.7210083007813,86893.59197998047,73885.58093261719,0,17112264704,62914560000,4910080000,0
200,1743633968408,3696,3696,3696,3696,3696,3696,15.477081298828125,32.089202880859375,29.62409210205078,25.409393310546875,20.17242431640625,19.959991455078125,3058.8473510742188,86898.3246459961,73889.62438964844,0,17112264704,62914560000,4910059520,0
200,1743633968609,3696,3696,3696,3696,3696,3696,7.3881683349609375,31.504287719726563,27.292625427246094,31.591041564941406,14.294898986816406,12.181304931640625,3058.9599609375,86902.75439453125,73893.35552978516,0,17112264704,62914560000,4910059520,0
200,1743633968809,3696,3696,3696,3696,3696,3696,9.486587524414063,34.67057800292969,27.609359741210938,30.70789337158203,19.819175720214844,13.568466186523438,3059.0895385742188,86907.36688232422,73897.26690673828,0,17112264704,62914560000,4912840704,0
200,1743633969010,3696,3696,3696,3696,3696,3696,11.955848693847656,40.307796478271484,22.041458129882813,26.56909942626953,12.51800537109375,11.192733764648438,3059.2064819335938,86911.89654541016,73901.10729980469,0,17112264704,62914560000,4912521216,0
200,1743633969210,3696,3696,3696,3696,3696,3696,8.543167114257813,33.017822265625,22.227012634277344,20.895126342773438,22.02338409423828,18.74573516845703,3059.3203125,86916.61138916016,73905.11053466797,0,17112264704,62914560000,4910133248,0
200,1743633969411,3696,3696,3696,3696,3696,3696,14.250701904296875,31.97980499267578,35.604286193847656,23.69287872314453,18.185211181640625,20.005355834960938,3059.4456176757813,86921.42498779297,73909.23889160156,0,17112264704,62914560000,4910133248,0
200,1743633969611,3696,3696,3696,3696,3696,3696,11.547676086425781,28.14331817626953,35.751914978027344,23.88556671142578,22.1033935546875,13.481903076171875,3059.5696411132813,86926.19018554688,73913.29302978516,0,17112264704,62914560000,4909830144,0
200,1743633969812,3696,3696,3696,3696,3696,3696,11.680839538574219,34.903717041015625,19.48059844970703,34.323753356933594,21.89337921142578,13.496498107910156,3059.6826782226563,86931.0791015625,73917.5023803711,0,17112264704,62914560000,4909813760,0
200,1743633970012,3696,3696,3696,3696,3696,3696,13.492835998535156,32.225852966308594,25.936256408691406,29.489601135253906,19.754966735839844,18.29370880126953,3059.807373046875,86936.01330566406,73921.71295166016,0,17112264704,62914560000,4911808512,0
200,1743633970213,3696,3696,3696,3696,3696,3696,8.642593383789063,25.26288604736328,20.03778076171875,36.30902099609375,24.576148986816406,14.769989013671875,3059.9273681640625,86940.74444580078,73925.76135253906,0,17112264704,62914560000,4911472640,0
200,1743633970413,3696,3696,3696,3696,3696,3696,15.641700744628906,42.43759536743164,22.614479064941406,28.946556091308594,17.293540954589844,14.580764770507813,3060.0532836914063,86945.63763427734,73929.93963623047,0,17112264704,62914560000,4911452160,0
200,1743633970613,3696,3696,3696,3696,3696,3696,12.43499755859375,45.86381149291992,19.93151092529297,20.742385864257813,15.828834533691406,19.02873992919922,3060.1681518554688,86950.26489257813,73933.88366699219,0,17112264704,62914560000,4909060096,0
200,1743633970814,3696,3696,3696,3696,3696,3696,11.453498840332031,44.469276428222656,21.78520965576172,25.771713256835938,20.366493225097656,13.22711181640625,3060.2855834960938,86954.9575805664,73937.86499023438,0,17112264704,62914560000,4909060096,0
200,1743633971014,3696,3696,3696,3696,3696,3696,13.989578247070313,36.90266418457031,30.019081115722656,18.904983520507813,17.827529907226563,15.288291931152344,3060.4156494140625,86959.57995605469,73941.79278564453,0,17112264704,62914560000,4912771072,0
200,1743633971215,3696,3696,3696,3696,3696,3696,14.445327758789063,33.382972717285156,30.170196533203125,15.855079650878906,17.92200469970703,13.98687744140625,3060.5272827148438,86964.1128540039,73945.64477539063,0,17112264704,62914560000,4912771072,0
200,1743633971415,3696,3696,3696,3696,3696,3696,15.756523132324219,30.17235565185547,26.956924438476563,27.679176330566406,18.859107971191406,19.29138946533203,3060.6535034179688,86968.91290283203,73949.73358154297,0,17112264704,62914560000,4912766976,0
200,1743633971616,3696,3696,3696,3696,3696,3696,12.805038452148438,20.4476318359375,36.18871307373047,22.66301727294922,17.341384887695313,23.70001220703125,3060.7766723632813,86973.54858398438,73953.68560791016,0,17112264704,62914560000,4912672768,0
200,1743633971816,3696,3696,3696,3696,3696,3696,15.281776428222656,22.82892608642578,16.48967742919922,17.798477172851563,22.847381591796875,33.393043518066406,3060.8941040039063,86978.18823242188,73957.61157226563,0,17112264704,62914560000,4912652288,0
200,1743633972016,3696,3696,3696,3696,3696,3696,15.214157104492188,23.926002502441406,19.167076110839844,23.49138641357422,41.450557708740234,15.707649230957031,3061.020751953125,86982.90100097656,73961.63342285156,0,17112264704,62914560000,4912484352,0
200,1743633972217,3696,3696,3696,3696,3696,3696,11.095146179199219,42.37610626220703,17.51141357421875,15.877998352050781,25.227401733398438,13.843193054199219,3061.1424560546875,86987.44226074219,73965.46630859375,0,17112264704,62914560000,4912148480,0
200,1743633972418,3696,3696,3696,3696,3696,3696,18.103347778320313,49.80598068237305,23.083663940429688,16.317855834960938,15.534294128417969,21.010345458984375,3061.25830078125,86992.28173828125,73969.62036132813,0,17112264704,62914560000,4912128000,0
200,1743633972618,3696,3696,3696,3696,3696,3696,9.950668334960938,25.43657684326172,23.10565948486328,32.02873229980469,29.258071899414063,14.324363708496094,3061.3772583007813,86996.94818115234,73973.57348632813,0,17112264704,62914560000,4912115712,0
200,1743633972818,3696,3696,3696,3696,3696,3696,11.023262023925781,33.59028625488281,20.935897827148438,21.471572875976563,23.81743621826172,14.757827758789063,3061.4894409179688,87001.49322509766,73977.43505859375,0,17112264704,62914560000,4912115712,0
200,1743633973019,3696,3696,3696,3696,3696,3696,14.241142272949219,32.90234375,25.685104370117188,31.504356384277344,19.650794982910156,14.665573120117188,3061.6220092773438,87006.24487304688,73981.4917602539,0,17112264704,62914560000,4912283648,0
200,1743633973219,3696,3696,3696,3696,3696,3696,12.575454711914063,30.325096130371094,33.75726318359375,21.735496520996094,17.220321655273438,12.102333068847656,3061.737548828125,87010.84942626953,73985.38452148438,0,17112264704,62914560000,4909776896,0
200,1743633973420,3696,3696,3696,3696,3696,3696,14.648223876953125,35.937049865722656,26.941734313964844,30.40118408203125,13.045997619628906,16.537635803222656,3061.857666015625,87015.53106689453,73989.37963867188,0,17112264704,62914560000,4909776896,0
200,1743633973620,3696,3696,3696,3696,3696,3696,11.466590881347656,29.50640106201172,16.997581481933594,49.05339813232422,12.463638305664063,15.80792236328125,3061.9861450195313,87020.16271972656,73993.2973022461,0,17112264704,62914560000,4909408256,0
200,1743633973821,3696,3696,3696,3696,3696,3696,16.078277587890625,27.55621337890625,26.24738311767578,22.313079833984375,24.000892639160156,11.169952392578125,3062.0985107421875,87024.6148071289,73997.06768798828,0,17112264704,62914560000,4909408256,0
200,1743633974021,3696,3696,3696,3696,3696,3696,18.85144805908203,31.994598388671875,22.529014587402344,32.828651428222656,25.512054443359375,14.345130920410156,3062.2249145507813,87029.49102783203,74001.2300415039,0,17112264704,62914560000,4912599040,0
199,1743633974222,3696,3696,3696,3696,3696,3696,11.874565124511719,48.22393035888672,15.513816833496094,25.700721740722656,15.833999633789063,13.528762817382813,3062.3460083007813,87034.171875,74005.2265625,0,17112264704,62914560000,4912443392,0
200,1743633974422,3696,3696,3696,3696,3696,3696,17.594261169433594,57.701629638671875,20.055496215820313,16.786964416503906,15.283187866210938,14.022682189941406,3062.4695434570313,87038.92169189453,74009.28112792969,0,17112264704,62914560000,4910501888,0
200,1743633974622,3696,3696,3696,3696,3696,3696,13.562126159667969,55.8214111328125,16.858184814453125,17.629119873046875,15.349006652832031,16.57817840576172,3062.5885620117188,87043.67669677734,74013.34326171875,0,17112264704,62914560000,4907933696,0
200,1743633974822,3696,3696,3696,3696,3696,3696,9.421829223632813,66.66571807861328,14.48260498046875,14.857093811035156,12.648178100585938,11.7413330078125,3062.702392578125,87048.33856201172,74017.29681396484,0,17112264704,62914560000,4907933696,0
200,1743633975023,3696,3696,3696,3696,3696,3696,12.256546020507813,54.79494857788086,16.996337890625,17.503067016601563,20.331558227539063,13.592094421386719,3062.834228515625,87052.96697998047,74021.2378540039,0,17112264704,62914560000,4912209920,0
200,1743633975223,3696,3696,3696,3696,3696,3696,10.7578125,46.24613571166992,19.412994384765625,14.450408935546875,23.626747131347656,10.408317565917969,3062.9500122070313,87057.5023803711,74025.0668334961,0,17112264704,62914560000,4912209920,0
200,1743633975424,3696,3696,3696,3696,3696,3696,15.251640319824219,43.687129974365234,24.52196502685547,21.698020935058594,18.919784545898438,28.026885986328125,3063.07177734375,87062.52935791016,74029.3921508789,0,17112264704,62914560000,4912091136,0
200,1743633975625,3696,3696,3696,3696,3696,3696,10.478126525878906,56.00240707397461,15.677970886230469,20.80707550048828,12.629852294921875,13.896987915039063,3063.1965942382813,87067.05206298828,74033.21936035156,0,17112264704,62914560000,4911775744,0
200,1743633975825,3696,3696,3696,3696,3696,3696,10.433479309082031,47.85100173950195,22.841751098632813,23.975746154785156,9.809280395507813,9.885978698730469,3063.3121948242188,87071.57971191406,74037.03515625,0,17112264704,62914560000,4911775744,0
200,1743633976025,3696,3696,3696,3696,3696,3696,13.321365356445313,52.757266998291016,21.005142211914063,21.506187438964844,15.019821166992188,12.486114501953125,3063.4361572265625,87076.46514892578,74041.23455810547,0,17112264704,62914560000,4912320512,0
200,1743633976226,3696,3696,3696,3696,3696,3696,11.485694885253906,61.515663146972656,14.362030029296875,16.169967651367188,10.019981384277344,12.053871154785156,3063.5571899414063,87081.0708618164,74045.12896728516,0,17112264704,62914560000,4912295936,0
200,1743633976427,3696,3696,3696,3696,3696,3696,7.768486022949219,70.75276947021484,14.50836181640625,11.98944091796875,13.942192077636719,13.594139099121094,3063.6801147460938,87085.69989013672,74049.07971191406,0,17112264704,62914560000,4911951872,0
200,1743633976627,3696,3696,3696,3696,3696,3696,11.639602661132813,48.681358337402344,17.725341796875,15.801651000976563,15.843330383300781,24.996490478515625,3063.7996826171875,87090.51080322266,74053.1763305664,0,17112264704,62914560000,4911951872,0
200,1743633976827,3696,3696,3696,3696,3696,3696,9.756034851074219,55.82941436767578,15.753440856933594,18.072303771972656,15.641395568847656,15.471054077148438,3063.916015625,87095.20178222656,74057.17114257813,0,17112264704,62914560000,4911951872,0
200,1743633977027,3696,3696,3696,3696,3696,3696,12.763145446777344,28.331100463867188,23.701065063476563,17.98552703857422,24.83203125,33.68359375,3064.0476684570313,87099.9849243164,74061.26184082031,0,17112264704,62914560000,4912087040,0
200,1743633977228,3696,3696,3696,3696,3696,3696,8.478652954101563,55.77321243286133,14.501327514648438,15.325920104980469,16.88873291015625,12.730201721191406,3064.158935546875,87104.41925048828,74065.01654052734,0,17112264704,62914560000,4912087040,0
200,1743633977428,3696,3696,3696,3696,3696,3696,11.853271484375,51.62258529663086,15.754814147949219,19.019142150878906,17.295440673828125,10.051414489746094,3064.2756958007813,87108.86749267578,74068.75354003906,0,17112264704,62914560000,4909457408,0
199,1743633977629,3696,3696,3696,3696,3696,3696,17.75251007080078,52.67160415649414,15.609916687011719,18.202606201171875,16.34038543701172,16.41417694091797,3064.407470703125,87113.490234375,74072.68280029297,0,17112264704,62914560000,4909133824,0
200,1743633977829,3696,3696,3696,3696,3696,3696,14.728775024414063,46.54766845703125,17.97606658935547,18.437240600585938,12.969024658203125,17.04767608642578,3064.5231323242188,87118.08264160156,74076.58416748047,0,17112264704,62914560000,4909133824,0
200,1743633978029,3696,3696,3696,3696,3696,3696,19.566650390625,49.37455368041992,15.241859436035156,14.411064147949219,15.696670532226563,27.817291259765625,3064.6492919921875,87122.85498046875,74080.63854980469,0,17112264704,62914560000,4912435200,0
200,1743633978229,3696,3696,3696,3696,3696,3696,13.355598449707031,46.12139129638672,17.219650268554688,21.252342224121094,13.791946411132813,12.853874206542969,3064.7627563476563,87127.32342529297,74084.41571044922,0,17112264704,62914560000,4912361472,0
200,1743633978430,3696,3696,3696,3696,3696,3696,13.987571716308594,54.13450622558594,15.642776489257813,18.100479125976563,12.16058349609375,18.2384033203125,3064.885986328125,87131.93280029297,74088.3403930664,0,17112264704,62914560000,4912005120,0
200,1743633978630,3696,3696,3696,3696,3696,3696,11.119255065917969,62.971961975097656,18.200416564941406,16.97435760498047,15.933029174804688,14.291236877441406,3065.009765625,87136.6357421875,74092.3544921875,0,17112264704,62914560000,4909592576,0
200,1743633978831,3696,3696,3696,3696,3696,3696,14.789970397949219,50.93074035644531,15.92413330078125,16.723403930664063,15.562965393066406,12.509880065917969,3065.1260375976563,87141.21044921875,74096.2183227539,0,17112264704,62914560000,4909547520,0
200,1743633979031,3696,3696,3696,3696,3696,3696,10.920700073242188,39.38827133178711,32.717193603515625,23.85601043701172,13.801109313964844,13.332572937011719,3065.25830078125,87145.84893798828,74100.16094970703,0,17112264704,62914560000,4911923200,0
200,1743633979231,3696,3696,3696,3696,3696,3696,9.839912414550781,39.723472595214844,19.02728271484375,26.60919189453125,18.839065551757813,11.671051025390625,3065.3717041015625,87150.36499023438,74103.96954345703,0,17112264704,62914560000,4911919104,0
199,1743633979432,3696,3696,3696,3696,3696,3696,11.563400268554688,53.809486389160156,16.896392822265625,20.01251983642578,15.01129150390625,9.788658142089844,3065.486328125,87154.88061523438,74107.80053710938,0,17112264704,62914560000,4911919104,0
200,1743633979632,3696,3696,3696,3696,3696,3696,11.956871032714844,41.61689758300781,19.462867736816406,18.90326690673828,26.352882385253906,13.863449096679688,3065.6112060546875,87159.3779296875,74111.59912109375,0,17112264704,62914560000,4911648768,0
200,1743633979832,3696,3696,3696,3696,3696,3696,11.514755249023438,37.997413635253906,22.597808837890625,22.88617706298828,17.02411651611328,12.54742431640625,3065.7255859375,87163.79486083984,74115.30590820313,0,17112264704,62914560000,4911644672,0
200,1743633980033,3696,3696,3696,3696,3696,3696,13.718544006347656,44.45026397705078,18.17803192138672,25.391685485839844,21.066192626953125,15.885017395019531,3065.8516235351563,87168.44750976563,74119.26696777344,0,17112264704,62914560000,4908851200,0
200,1743633980233,3696,3696,3696,3696,3696,3696,11.319252014160156,25.99962615966797,29.218978881835938,29.52381134033203,13.669540405273438,17.880035400390625,3065.9668579101563,87172.99206542969,74123.10144042969,0,17112264704,62914560000,4908838912,0
200,1743633980433,3696,3696,3696,3696,3696,3696,9.985610961914063,44.77095413208008,33.58544921875,14.158523559570313,15.03082275390625,12.775871276855469,3066.0900268554688,87177.72039794922,74127.14208984375,0,17112264704,62914560000,4908515328,0
200,1743633980634,3696,3696,3696,3696,3696,3696,16.429885864257813,47.639984130859375,18.08203887939453,15.736038208007813,18.558349609375,20.34709930419922,3066.2130737304688,87182.40649414063,74131.14263916016,0,17112264704,62914560000,4907732992,0
200,1743633980834,3696,3696,3696,3696,3696,3696,17.65343475341797,41.766143798828125,13.583763122558594,16.79454803466797,20.772872924804688,13.719711303710938,3066.3272705078125,87186.94732666016,74134.96545410156,0,17112264704,62914560000,4907732992,0
200,1743633981035,3696,3696,3696,3696,3696,3696,12.694137573242188,49.469486236572266,25.25762939453125,19.935272216796875,15.587455749511719,13.155525207519531,3066.4595336914063,87191.6103515625,74138.94366455078,0,17112264704,62914560000,4911853568,0
200,1743633981235,3696,3696,3696,3696,3696,3696,12.700126647949219,29.457046508789063,33.538246154785156,25.320411682128906,12.9434814453125,14.259254455566406,3066.5744018554688,87196.28588867188,74142.90539550781,0,17112264704,62914560000,4911140864,0
200,1743633981435,3696,3696,3696,3696,3696,3696,17.13311004638672,34.52404022216797,36.086116790771484,18.658302307128906,16.24268341064453,12.252006530761719,3066.68798828125,87201.17175292969,74147.09228515625,0,17112264704,62914560000,4908580864,0
200,1743633981636,3696,3696,3696,3696,3696,3696,10.114372253417969,40.117103576660156,19.831687927246094,21.09203338623047,25.03961944580078,22.026222229003906,3066.8142700195313,87205.8060913086,74151.04504394531,0,17112264704,62914560000,4908494848,0
200,1743633981836,3696,3696,3696,3696,3696,3696,9.299102783203125,50.9429817199707,14.928558349609375,19.307456970214844,18.392555236816406,13.27313232421875,3066.935302734375,87210.36456298828,74154.8921508789,0,17112264704,62914560000,4908175360,0
200,1743633982036,3696,3696,3696,3696,3696,3696,12.43658447265625,43.277610778808594,24.354087829589844,16.992462158203125,21.288230895996094,19.523300170898438,3067.0596313476563,87215.06634521484,74158.90405273438,0,17112264704,62914560000,4912263168,0
200,1743633982237,3696,3696,3696,3696,3696,3696,11.888450622558594,35.23493194580078,24.146286010742188,29.76342010498047,13.597427368164063,15.346229553222656,3067.1741333007813,87219.71905517578,74162.87927246094,0,17112264704,62914560000,4912263168,0
200,1743633982437,3696,3696,3696,3696,3696,3696,14.510215759277344,46.39481735229492,17.446914672851563,21.284828186035156,15.1053466796875,14.365547180175781,3067.2948608398438,87224.3539428711,74166.81274414063,0,17112264704,62914560000,4911943680,0
200,1743633982637,3696,3696,3696,3696,3696,3696,23.580673217773438,34.24418640136719,18.915863037109375,28.2701416015625,19.781005859375,20.27185821533203,3067.4207763671875,87229.2328491211,74170.97247314453,0,17112264704,62914560000,4911943680,0
200,1743633982838,3696,3696,3696,3696,3696,3696,10.078727722167969,40.68069839477539,24.154449462890625,19.780746459960938,18.26374053955078,13.896072387695313,3067.53173828125,87233.76629638672,74174.82531738281,0,17112264704,62914560000,4909281280,0
200,1743633983038,3696,3696,3696,3696,3696,3696,8.662178039550781,49.55227279663086,16.878997802734375,24.334495544433594,15.231643676757813,19.086936950683594,3067.6561889648438,87238.40692138672,74178.75512695313,0,17112264704,62914560000,4911730688,0
200,1743633983239,3696,3696,3696,3696,3696,3696,20.57500457763672,32.66321563720703,22.500411987304688,31.59221649169922,33.35272979736328,28.794715881347656,3067.7835693359375,87243.74249267578,74183.40899658203,0,17112264704,62914560000,4911640576,0
200,1743633983439,3696,3696,3696,3696,3696,3696,16.99383544921875,35.134788513183594,24.677352905273438,30.78612518310547,22.62500762939453,24.78522491455078,3067.8994140625,87248.94519042969,74187.8920288086,0,17112264704,62914560000,4911636480,0
200,1743633983639,3696,3696,3696,3696,3696,3696,14.398445129394531,34.14134979248047,22.215667724609375,35.25164794921875,15.920181274414063,16.19171905517578,3068.02490234375,87253.73315429688,74191.98547363281,0,17112264704,62914560000,4911611904,0
200,1743633983840,3696,3696,3696,3696,3696,3696,12.757034301757813,29.508895874023438,38.60841369628906,26.150543212890625,13.843360900878906,6.6407623291015625,3068.1455078125,87258.35345458984,74195.92956542969,0,17112264704,62914560000,4911378432,0
200,1743633984040,3696,3696,3696,3696,3696,3696,12.767890930175781,44.55560302734375,15.419914245605469,30.69489288330078,14.064689636230469,10.042732238769531,3068.2615966796875,87263.17193603516,74200.04235839844,0,17112264704,62914560000,4910272512,0
200,1743633984241,3696,3696,3696,3696,3696,3696,16.81873321533203,33.97200012207031,15.827133178710938,40.179962158203125,17.102394104003906,10.204635620117188,3068.3851318359375,87267.81732177734,74203.98321533203,0,17112264704,62914560000,4910264320,0
200,1743633984441,3696,3696,3696,3696,3696,3696,9.938095092773438,31.384239196777344,19.609024047851563,45.91093063354492,10.463058471679688,13.088264465332031,3068.5068359375,87272.39733886719,74207.85540771484,0,17112264704,62914560000,4909387776,0
200,1743633984642,3696,3696,3696,3696,3696,3696,14.720451354980469,49.701168060302734,23.488075256347656,16.957733154296875,18.060386657714844,18.59406280517578,3068.6299438476563,87277.29858398438,74212.06848144531,0,17112264704,62914560000,4908429312,0
200,1743633984842,3696,3696,3696,3696,3696,3696,13.49261474609375,47.28268051147461,16.168869018554688,17.98052978515625,18.90216827392578,18.309288024902344,3068.7469482421875,87282.00280761719,74216.05981445313,0,17112264704,62914560000,4908425216,0
200,1743633985043,3696,3696,3696,3696,3696,3696,16.646240234375,47.574344635009766,16.887435913085938,22.755577087402344,15.163032531738281,12.685836791992188,3068.8633422851563,87286.70208740234,74220.0825805664,0,17112264704,62914560000,4912103424,0
200,1743633985243,3696,3696,3696,3696,3696,3696,12.637588500976563,30.955039978027344,19.876068115234375,22.398170471191406,13.724525451660156,35.485931396484375,3068.9922485351563,87291.29028320313,74223.97637939453,0,17112264704,62914560000,4911779840,0
200,1743633985443,3696,3696,3696,3696,3696,3696,12.03631591796875,38.23273468017578,19.82720184326172,17.832870483398438,14.569648742675781,25.192535400390625,3069.1069946289063,87295.87414550781,74227.83850097656,0,17112264704,62914560000,4908994560,0
199,1743633985644,3696,3696,3696,3696,3696,3696,12.916213989257813,25.435791015625,20.18738555908203,26.645912170410156,16.609725952148438,39.550575256347656,3069.229736328125,87300.56311035156,74231.8540649414,0,17112264704,62914560000,4907929600,0
200,1743633985844,3696,3696,3696,3696,3696,3696,10.267433166503906,28.95555877685547,18.11400604248047,38.70377731323242,15.971382141113281,17.40605926513672,3069.354736328125,87305.15368652344,74235.74346923828,0,17112264704,62914560000,4907638784,0
200,1743633986044,3696,3696,3696,3696,3696,3696,17.838584899902344,31.425010681152344,27.99475860595703,20.41033172607422,17.31018829345703,21.425498962402344,3069.4722290039063,87309.96606445313,74239.84747314453,0,17112264704,62914560000,4912017408,0
200,1743633986245,3696,3696,3696,3696,3696,3696,10.345458984375,27.753738403320313,22.336196899414063,24.237777709960938,24.28448486328125,27.092689514160156,3069.5928344726563,87314.75012207031,74243.95343017578,0,17112264704,62914560000,4912017408,0
200,1743633986445,3696,3696,3696,3696,3696,3696,15.186866760253906,37.70043182373047,21.534263610839844,17.27014923095703,22.625,21.552993774414063,3069.7180786132813,87319.47839355469,74247.95300292969,0,17112264704,62914560000,4911894528,0
200,1743633986645,3696,3696,3696,3696,3696,3696,12.810585021972656,47.30868148803711,21.66761016845703,20.96595001220703,19.102752685546875,21.021896362304688,3069.8421630859375,87324.37438964844,74252.1519165039,0,17112264704,62914560000,4911685632,0
199,1743633986845,3696,3696,3696,3696,3696,3696,11.117134094238281,50.532012939453125,15.86444091796875,20.795440673828125,15.879859924316406,19.192245483398438,3069.959716796875,87329.12353515625,74256.21112060547,0,17112264704,62914560000,4908584960,0
200,1743633987045,3696,3696,3696,3696,3696,3696,13.332405090332031,48.8463249206543,17.356170654296875,15.621612548828125,20.386367797851563,16.06513214111328,3070.0757446289063,87333.8529663086,74260.2435913086,0,17112264704,62914560000,4911886336,0
200,1743633987246,3696,3696,3696,3696,3696,3696,11.589286804199219,39.69863510131836,16.805221557617188,22.420143127441406,12.971939086914063,28.933677673339844,3070.2034301757813,87338.52337646484,74264.2314453125,0,17112264704,62914560000,4911554560,0
200,1743633987446,3696,3696,3696,3696,3696,3696,13.683097839355469,29.944862365722656,32.61189270019531,27.915786743164063,17.42523193359375,22.471458435058594,3070.3209228515625,87343.37689208984,74268.3720703125,0,17112264704,62914560000,4911550464,0
200,1743633987647,3696,3696,3696,3696,3696,3696,14.919181823730469,37.09856033325195,24.844337463378906,25.95006561279297,18.343955993652344,22.78839874267578,3070.44287109375,87348.26635742188,74272.57775878906,0,17112264704,62914560000,4911529984,0
199,1743633987847,3696,3696,3696,3696,3696,3696,13.311729431152344,50.420654296875,18.47735595703125,14.355308532714844,16.925445556640625,16.724319458007813,3070.5673828125,87352.93359375,74276.5551147461,0,17112264704,62914560000,4910358528,0
200,1743633988047,3696,3696,3696,3696,3696,3696,15.445091247558594,45.3433952331543,15.453788757324219,17.355430603027344,15.335563659667969,21.344818115234375,3070.6842651367188,87357.60241699219,74280.5234375,0,17112264704,62914560000,4911767552,0
200,1743633988247,3696,3696,3696,3696,3696,3696,12.525688171386719,37.01478576660156,26.880592346191406,21.530029296875,18.420639038085938,15.52386474609375,3070.8076171875,87362.27838134766,74284.48706054688,0,17112264704,62914560000,4909268992,0
199,1743633988448,3696,3696,3696,3696,3696,3696,13.21917724609375,60.123348236083984,19.86798095703125,12.358535766601563,14.675567626953125,11.754859924316406,3070.928466796875,87366.94738769531,74288.4501953125,0,17112264704,62914560000,4909199360,0
200,1743633988648,3696,3696,3696,3696,3696,3696,14.424995422363281,39.67520523071289,23.368873596191406,20.228111267089844,17.277664184570313,20.04804229736328,3071.0481567382813,87371.6137084961,74292.41772460938,0,17112264704,62914560000,4908879872,0
200,1743633988849,3696,3696,3696,3696,3696,3696,9.71575927734375,33.7342529296875,17.371788024902344,41.64349365234375,16.386695861816406,9.7855224609375,3071.1617431640625,87376.24047851563,74296.36627197266,0,17112264704,62914560000,4908601344,0
200,1743633989049,3696,3696,3696,3696,3696,3696,16.061866760253906,27.340843200683594,27.46965789794922,37.02714920043945,18.961219787597656,15.707931518554688,3071.2823486328125,87381.07891845703,74300.50927734375,0,17112264704,62914560000,4911915008,0
200,1743633989249,3696,3696,3696,3696,3696,3696,10.354873657226563,26.637008666992188,21.574172973632813,20.38025665283203,31.041221618652344,19.5264892578125,3071.405517578125,87385.7767944336,74304.49444580078,0,17112264704,62914560000,4911534080,0
200,1743633989449,3696,3696,3696,3696,3696,3696,11.616050720214844,31.678909301757813,19.746246337890625,35.322265625,15.148681640625,15.129440307617188,3071.5203247070313,87390.40228271484,74308.42999267578,0,17112264704,62914560000,4911505408,0
200,1743633989650,3696,3696,3696,3696,3696,3696,6.124603271484375,29.048431396484375,18.1917724609375,40.87364959716797,20.596763610839844,17.083213806152344,3071.638427734375,87395.087890625,74312.4057006836,0,17112264704,62914560000,4908699648,0
200,1743633989850,3696,3696,3696,3696,3696,3696,10.09136962890625,51.423858642578125,14.873176574707031,23.564376831054688,15.955184936523438,14.288902282714844,3071.7658081054688,87399.69268798828,74316.3403930664,0,17112264704,62914560000,4908290048,0
199,1743633990051,3696,3696,3696,3696,3696,3696,13.517646789550781,47.98032760620117,19.301979064941406,23.34710693359375,12.441177368164063,15.351943969726563,3071.8865356445313,87404.3432006836,74320.28076171875,0,17112264704,62914560000,4911894528,0
200,1743633990251,3696,3696,3696,3696,3696,3696,12.274421691894531,52.66580581665039,19.732261657714844,20.699607849121094,13.93939208984375,11.54425048828125,3072.0064697265625,87408.99591064453,74324.2392578125,0,17112264704,62914560000,4911890432,0
200,1743633990451,3696,3696,3696,3696,3696,3696,13.319343566894531,39.912017822265625,28.274620056152344,24.444747924804688,20.27861785888672,12.743705749511719,3072.121826171875,87413.86004638672,74328.408203125,0,17112264704,62914560000,4911828992,0
200,1743633990651,3696,3696,3696,3696,3696,3696,9.956771850585938,45.29262161254883,15.903968811035156,26.062423706054688,15.87799072265625,21.937904357910156,3072.248779296875,87418.57385253906,74332.41088867188,0,17112264704,62914560000,4911484928,0
200,1743633990852,3696,3696,3696,3696,3696,3696,8.355216979980469,67.90751647949219,11.761398315429688,15.309661865234375,14.954795837402344,13.774490356445313,3072.36962890625,87423.30798339844,74336.4566040039,0,17112264704,62914560000,4908699648,0
200,1743633991052,3696,3696,3696,3696,3696,3696,10.932510375976563,66.55705261230469,13.044464111328125,18.114173889160156,16.40154266357422,9.412551879882813,3072.4888305664063,87428.02319335938,74340.47955322266,0,17112264704,62914560000,4911575040,0
199,1743633991252,3696,3696,3696,3696,3696,3696,9.303695678710938,69.12532043457031,14.814125061035156,13.898139953613281,12.782737731933594,11.476188659667969,3072.6200561523438,87432.64581298828,74344.38244628906,0,17112264704,62914560000,4909568000,0
200,1743633991452,3696,3696,3696,3696,3696,3696,9.849494934082031,60.19502258300781,16.601486206054688,13.40667724609375,18.757301330566406,10.552299499511719,3072.7340087890625,87437.22546386719,74348.26843261719,0,17112264704,62914560000,4909326336,0
200,1743633991653,3696,3696,3696,3696,3696,3696,13.582298278808594,50.11147689819336,17.84558868408203,18.93238067626953,18.98284149169922,14.168128967285156,3072.8514404296875,87441.83270263672,74352.19427490234,0,17112264704,62914560000,4908990464,0
200,1743633991853,3696,3696,3696,3696,3696,3696,10.425949096679688,59.36859893798828,17.470748901367188,18.342529296875,13.989067077636719,10.55010986328125,3072.98046875,87446.42895507813,74356.09497070313,0,17112264704,62914560000,4908392448,0
200,1743633992053,3696,3696,3696,3696,3696,3696,14.538543701171875,62.097110748291016,18.80603790283203,15.0418701171875,14.720710754394531,14.468772888183594,3073.0974731445313,87451.2437133789,74360.21240234375,0,17112264704,62914560000,4911771648,0
200,1743633992253,3696,3696,3696,3696,3696,3696,13.905487060546875,34.672088623046875,28.4041748046875,29.14337158203125,14.592117309570313,14.559394836425781,3073.2197265625,87455.96002197266,74364.20690917969,0,17112264704,62914560000,4908703744,0
200,1743633992454,3696,3696,3696,3696,3696,3696,8.394210815429688,22.069046020507813,28.889854431152344,35.838462829589844,17.821434020996094,10.983116149902344,3073.3372192382813,87460.60205078125,74368.17657470703,0,17112264704,62914560000,4908457984,0
200,1743633992654,3696,3696,3696,3696,3696,3696,6.6301422119140625,48.63491439819336,16.6878662109375,26.854690551757813,19.819618225097656,16.88292694091797,3073.46044921875,87465.37591552734,74372.23315429688,0,17112264704,62914560000,4907888640,0
200,1743633992854,3696,3696,3696,3696,3696,3696,9.620613098144531,38.157440185546875,21.234474182128906,29.461814880371094,22.295242309570313,12.903106689453125,3073.5810546875,87470.07861328125,74376.24853515625,0,17112264704,62914560000,4907642880,0
200,1743633993055,3696,3696,3696,3696,3696,3696,11.977470397949219,36.095741271972656,20.47754669189453,34.269615173339844,21.131668090820313,13.2042236328125,3073.6979370117188,87474.80645751953,74380.29022216797,0,17112264704,62914560000,4911767552,0
200,1743633993256,3696,3696,3696,3696,3696,3696,13.447341918945313,27.323226928710938,37.95977020263672,26.49408721923828,18.630088806152344,15.137443542480469,3073.8301391601563,87479.53424072266,74384.3130493164,0,17112264704,62914560000,4911120384,0
200,1743633993456,3696,3696,3696,3696,3696,3696,12.00360107421875,30.042800903320313,22.173690795898438,30.061279296875,21.258895874023438,20.197158813476563,3073.9437255859375,87484.32238769531,74388.40698242188,0,17112264704,62914560000,4910858240,0
200,1743633993656,3696,3696,3696,3696,3696,3696,12.187225341796875,38.22212219238281,18.865142822265625,27.360740661621094,16.955245971679688,26.281112670898438,3074.0618896484375,87489.16485595703,74392.53973388672,0,17112264704,62914560000,4907966464,0
200,1743633993857,3696,3696,3696,3696,3696,3696,12.746849060058594,30.232696533203125,33.77918243408203,20.50238800048828,18.010345458984375,16.976852416992188,3074.19287109375,87493.85766601563,74396.54760742188,0,17112264704,62914560000,4907388928,0
200,1743633994057,3696,3696,3696,3696,3696,3696,15.379127502441406,28.88873291015625,19.157981872558594,36.270931243896484,20.492721557617188,17.860496520996094,3074.311279296875,87498.71783447266,74400.69439697266,0,17112264704,62914560000,4911616000,0
200,1743633994258,3696,3696,3696,3696,3696,3696,12.744522094726563,29.00373077392578,18.22345733642578,30.83422088623047,22.520111083984375,19.31671905517578,3074.4246826171875,87503.53918457031,74404.83221435547,0,17112264704,62914560000,4911370240,0
199,1743633994458,3696,3696,3696,3696,3696,3696,13.295928955078125,33.92768096923828,18.53612518310547,26.796676635742188,18.776947021484375,21.9083251953125,3074.5532836914063,87508.17266845703,74408.7455444336,0,17112264704,62914560000,4910792704,0
200,1743633994658,3696,3696,3696,3696,3696,3696,14.055931091308594,38.86530685424805,22.860374450683594,19.280975341796875,16.547454833984375,23.752838134765625,3074.6704711914063,87512.9467163086,74412.8212890625,0,17112264704,62914560000,4909760512,0
200,1743633994858,3696,3696,3696,3696,3696,3696,15.561103820800781,37.74311065673828,21.539596557617188,18.443878173828125,18.021255493164063,19.224075317382813,3074.7879638671875,87517.63153076172,74416.82446289063,0,17112264704,62914560000,4907114496,0
200,1743633995059,3696,3696,3696,3696,3696,3696,13.53155517578125,45.01618957519531,22.293777465820313,19.684463500976563,17.531967163085938,17.48310089111328,3074.90576171875,87522.4008178711,74420.88317871094,0,17112264704,62914560000,4911452160,0
200,1743633995260,3696,3696,3696,3696,3696,3696,12.705589294433594,22.959030151367188,39.66362762451172,16.754318237304688,21.541122436523438,13.059295654296875,3075.0287475585938,87527.05541992188,74424.85168457031,0,17112264704,62914560000,4908982272,0
200,1743633995460,3696,3696,3696,3696,3696,3696,11.635612487792969,21.672012329101563,17.097381591796875,33.05268859863281,18.843368530273438,28.174728393554688,3075.1512451171875,87531.8560180664,74428.93817138672,0,17112264704,62914560000,4908658688,0
200,1743633995661,3696,3696,3696,3696,3696,3696,9.978675842285156,37.175838470458984,32.389801025390625,18.316864013671875,17.969200134277344,18.969444274902344,3075.2661743164063,87536.6997680664,74433.10498046875,0,17112264704,62914560000,4908392448,0
200,1743633995861,3696,3696,3696,3696,3696,3696,9.987724304199219,26.74884796142578,25.914352416992188,41.684810638427734,15.701248168945313,13.331550598144531,3075.396240234375,87541.5424194336,74437.2494506836,0,17112264704,62914560000,4907810816,0
200,1743633996061,3696,3696,3696,3696,3696,3696,7.814598083496094,38.28535842895508,23.885009765625,28.02667999267578,21.369171142578125,11.008514404296875,3075.5147705078125,87546.1109008789,74441.10791015625,0,17112264704,62914560000,4911255552,0
200,1743633996262,3696,3696,3696,3696,3696,3696,6.850341796875,18.347824096679688,27.168418884277344,43.50998306274414,22.31146240234375,11.311805725097656,3075.6270141601563,87550.95190429688,74445.27258300781,0,17112264704,62914560000,4908412928,0
200,1743633996462,3696,3696,3696,3696,3696,3696,23.621536254882813,20.93213653564453,24.28264617919922,29.009765625,26.33368682861328,14.517234802246094,3075.7525024414063,87555.82177734375,74449.42211914063,0,17112264704,62914560000,4907147264,0
200,1743633996663,3696,3696,3696,3696,3696,3696,19.01067352294922,31.853256225585938,20.797607421875,19.40644073486328,21.023658752441406,15.538116455078125,3075.87158203125,87560.34765625,74453.26593017578,0,17112264704,62914560000,4906586112,0
200,1743633996863,3696,3696,3696,3696,3696,3696,10.942436218261719,36.944034576416016,20.946693420410156,24.89879608154297,23.279403686523438,18.401657104492188,3075.9967651367188,87564.96655273438,74457.1665649414,0,17112264704,62914560000,4906340352,0
200,1743633997063,3696,3696,3696,3696,3696,3696,7.935516357421875,40.98162841796875,23.092529296875,31.911407470703125,16.034629821777344,10.733497619628906,3076.1143798828125,87569.57067871094,74461.0765991211,0,17112264704,62914560000,4911276032,0
200,1743633997264,3696,3696,3696,3696,3696,3696,7.789115905761719,41.93424987792969,18.141143798828125,21.09271240234375,17.693527221679688,17.904541015625,3076.2346801757813,87574.17663574219,74465.00006103516,0,17112264704,62914560000,4910698496,0
200,1743633997464,3696,3696,3696,3696,3696,3696,9.33575439453125,32.34867858886719,28.105613708496094,21.893516540527344,24.076255798339844,13.416160583496094,3076.3580932617188,87578.77801513672,74468.88391113281,0,17112264704,62914560000,4910436352,0
199,1743633997665,3696,3696,3696,3696,3696,3696,11.764724731445313,36.428951263427734,38.160030364990234,16.30835723876953,16.394317626953125,9.388626098632813,3076.4723510742188,87583.27319335938,74472.69763183594,0,17112264704,62914560000,4907343872,0
200,1743633997865,3696,3696,3696,3696,3696,3696,11.822097778320313,39.0870361328125,34.651283264160156,16.839675903320313,17.45941162109375,16.23198699951172,3076.6017456054688,87587.98822021484,74476.72088623047,0,17112264704,62914560000,4906774528,0
200,1743633998065,3696,3696,3696,3696,3696,3696,13.926239013671875,30.941612243652344,18.920501708984375,28.842330932617188,22.36273956298828,24.032936096191406,3076.7224731445313,87592.736328125,74480.77264404297,0,17112264704,62914560000,4911144960,0
200,1743633998265,3696,3696,3696,3696,3696,3696,10.878181457519531,51.04819869995117,19.48174285888672,22.33300018310547,13.565925598144531,8.255470275878906,3076.8368530273438,87597.55548095703,74484.88671875,0,17112264704,62914560000,4910825472,0
200,1743633998466,3696,3696,3696,3696,3696,3696,13.530662536621094,44.61960220336914,18.134910583496094,24.21717071533203,16.89874267578125,14.147270202636719,3076.9577026367188,87602.37670898438,74489.0150756836,0,17112264704,62914560000,4910579712,0
200,1743633998666,3696,3696,3696,3696,3696,3696,11.148475646972656,37.96978759765625,20.936073303222656,32.208702087402344,18.012985229492188,8.777717590332031,3077.0824584960938,87606.94732666016,74492.86834716797,0,17112264704,62914560000,4909981696,0
200,1743633998867,3696,3696,3696,3696,3696,3696,10.004150390625,44.01688766479492,33.920440673828125,13.354591369628906,14.576011657714844,15.244712829589844,3077.197998046875,87611.5810546875,74496.82110595703,0,17112264704,62914560000,4906049536,0
199,1743633999067,3696,3696,3696,3696,3696,3696,11.579154968261719,52.810577392578125,24.68659210205078,13.784355163574219,15.678558349609375,11.237579345703125,3077.3184814453125,87616.22204589844,74500.75329589844,0,17112264704,62914560000,4910473216,0
200,1743633999267,3696,3696,3696,3696,3696,3696,9.864700317382813,45.75910568237305,28.489990234375,25.4356689453125,12.362586975097656,7.64886474609375,3077.4400634765625,87620.99963378906,74504.84063720703,0,17112264704,62914560000,4909907968,0
200,1743633999468,3696,3696,3696,3696,3696,3696,10.317764282226563,33.636474609375,35.77764129638672,23.50433349609375,21.393142700195313,7.627906799316406,3077.5527954101563,87625.63366699219,74508.78637695313,0,17112264704,62914560000,4909658112,0
200,1743633999668,3696,3696,3696,3696,3696,3696,11.384262084960938,49.11185836791992,30.648353576660156,13.173164367675781,15.942344665527344,10.529281616210938,3077.671142578125,87630.47235107422,74512.91485595703,0,17112264704,62914560000,4909387776,0
200,1743633999869,3696,3696,3696,3696,3696,3696,8.345565795898438,52.79562759399414,27.741134643554688,11.435638427734375,14.396804809570313,13.888946533203125,3077.7899780273438,87635.30487060547,74517.03424072266,0,17112264704,62914560000,4909101056,0
200,1743634000069,3696,3696,3696,3696,3696,3696,13.141036987304688,24.654388427734375,33.37469482421875,25.673316955566406,20.81884765625,20.127342224121094,3077.9207153320313,87640.11309814453,74521.1474609375,0,17112264704,62914560000,4910469120,0
199,1743634000270,3696,3696,3696,3696,3696,3696,10.171661376953125,26.28221893310547,30.29180145263672,29.372207641601563,17.06555938720703,13.472312927246094,3078.0330810546875,87644.65753173828,74525.0249633789,0,17112264704,62914560000,4907610112,0
200,1743634000470,3696,3696,3696,3696,3696,3696,12.64105224609375,22.72942352294922,29.57616424560547,37.094970703125,11.397628784179688,14.114906311035156,3078.1536865234375,87649.2388305664,74528.89660644531,0,17112264704,62914560000,4907364352,0
200,1743634000670,3696,3696,3696,3696,3696,3696,12.637184143066406,30.520729064941406,23.404220581054688,17.044586181640625,37.432682037353516,9.4505615234375,3078.27978515625,87653.8890991211,74532.8363647461,0,17112264704,62914560000,4906803200,0
200,1743634000871,3696,3696,3696,3696,3696,3696,9.888694763183594,50.4528923034668,25.165451049804688,18.634666442871094,15.105545043945313,11.337882995605469,3078.3936157226563,87658.38293457031,74536.64929199219,0,17112264704,62914560000,4906553344,0
200,1743634001071,3696,3696,3696,3696,3696,3696,12.392547607421875,41.55262756347656,26.210403442382813,24.65813446044922,19.360008239746094,15.809707641601563,3078.5194091796875,87663.21203613281,74540.76220703125,0,17112264704,62914560000,4910444544,0
200,1743634001272,3696,3696,3696,3696,3696,3696,5.5723724365234375,39.56809616088867,31.347862243652344,23.446754455566406,16.201904296875,11.4742431640625,3078.6383056640625,87667.88592529297,74544.75158691406,0,17112264704,62914560000,4910186496,0
200,1743634001472,3696,3696,3696,3696,3696,3696,8.110252380371094,24.40349578857422,17.176010131835938,42.92323684692383,24.765090942382813,14.269752502441406,3078.7630615234375,87672.62707519531,74548.78039550781,0,17112264704,62914560000,4908597248,0
200,1743634001673,3696,3696,3696,3696,3696,3696,7.6373138427734375,30.698867797851563,15.310783386230469,33.31353759765625,29.182838439941406,14.3665771484375,3078.8797607421875,87677.17572021484,74552.64562988281,0,17112264704,62914560000,4905914368,0
200,1743634001873,3696,3696,3696,3696,3696,3696,8.153915405273438,61.71613693237305,17.587432861328125,16.01642608642578,14.786109924316406,12.907730102539063,3078.99609375,87681.77307128906,74556.53057861328,0,17112264704,62914560000,4905644032,0
200,1743634002074,3696,3696,3696,3696,3696,3696,10.970283508300781,45.417720794677734,18.28289794921875,17.199783325195313,16.64513397216797,21.521766662597656,3079.12744140625,87686.3833618164,74560.45379638672,0,17112264704,62914560000,4910428160,0
200,1743634002274,3696,3696,3696,3696,3696,3696,12.914314270019531,41.738712310791016,25.8360595703125,22.61670684814453,17.684165954589844,17.986045837402344,3079.244384765625,87691.07495117188,74564.43670654297,0,17112264704,62914560000,4909330432,0
200,1743634002474,3696,3696,3696,3696,3696,3696,10.516952514648438,39.25511169433594,22.859115600585938,25.440513610839844,18.255149841308594,11.766441345214844,3079.3638305664063,87695.580078125,74568.2476196289,0,17112264704,62914560000,4909084672,0
200,1743634002675,3696,3696,3696,3696,3696,3696,18.92023468017578,51.008819580078125,15.62017822265625,20.284378051757813,14.828254699707031,11.478080749511719,3079.486083984375,87700.27429199219,74572.26434326172,0,17112264704,62914560000,4908503040,0
200,1743634002875,3696,3696,3696,3696,3696,3696,13.651130676269531,62.925018310546875,12.896713256835938,19.890548706054688,14.48284912109375,14.961677551269531,3079.6041870117188,87705.0385131836,74576.30346679688,0,17112264704,62914560000,4908253184,0
200,1743634003075,3696,3696,3696,3696,3696,3696,12.4034423828125,61.21137237548828,16.4613037109375,15.555206298828125,16.474090576171875,12.875213623046875,3079.7296142578125,87709.75860595703,74580.33514404297,0,17112264704,62914560000,4910206976,0
200,1743634003276,3696,3696,3696,3696,3696,3696,11.612442016601563,57.419498443603516,16.080154418945313,15.512321472167969,14.687324523925781,13.510284423828125,3079.8466186523438,87714.38934326172,74584.28332519531,0,17112264704,62914560000,4909883392,0
200,1743634003477,3696,3696,3696,3696,3696,3696,12.411964416503906,47.7420768737793,18.07830810546875,17.828811645507813,18.948699951171875,17.543060302734375,3079.9743041992188,87719.19689941406,74588.36413574219,0,17112264704,62914560000,4909322240,0
200,1743634003677,3696,3696,3696,3696,3696,3696,7.719154357910156,54.001033782958984,17.597869873046875,14.805549621582031,17.12359619140625,8.909812927246094,3080.0858764648438,87723.83728027344,74592.33660888672,0,17112264704,62914560000,4909060096,0
200,1743634003877,3696,3696,3696,3696,3696,3696,11.729804992675781,43.623844146728516,29.82598876953125,20.776596069335938,18.92705535888672,12.178695678710938,3080.2076416015625,87728.65515136719,74596.43676757813,0,17112264704,62914560000,4908814336,0
200,1743634004078,3696,3696,3696,3696,3696,3696,19.25408172607422,31.53510284423828,26.320594787597656,31.706199645996094,18.729766845703125,12.184074401855469,3080.3385620117188,87733.5424194336,74600.6449584961,0,17112264704,62914560000,4909961216,0
200,1743634004278,3696,3696,3696,3696,3696,3696,9.392478942871094,27.509445190429688,17.984222412109375,44.48573684692383,20.38201141357422,10.036247253417969,3080.4552612304688,87738.31146240234,74604.70166015625,0,17112264704,62914560000,4909707264,0
199,1743634004479,3696,3696,3696,3696,3696,3696,11.040061950683594,28.265579223632813,30.02032470703125,32.41957092285156,21.61412811279297,12.620773315429688,3080.5763549804688,87743.21026611328,74608.90216064453,0,17112264704,62914560000,4907171840,0
200,1743634004679,3696,3696,3696,3696,3696,3696,7.391761779785156,39.54923629760742,16.128822326660156,30.076492309570313,20.202377319335938,9.527999877929688,3080.697265625,87747.9214477539,74612.92279052734,0,17112264704,62914560000,4906590208,0
200,1743634004880,3696,3696,3696,3696,3696,3696,6.787696838378906,34.050086975097656,27.937828063964844,27.49207305908203,18.91643524169922,20.75060272216797,3080.81689453125,87752.68005371094,74616.96197509766,0,17112264704,62914560000,4906323968,0
200,1743634005080,3696,3696,3696,3696,3696,3696,8.673316955566406,32.445945739746094,29.515594482421875,36.695091247558594,15.350608825683594,9.739662170410156,3080.939453125,87757.33880615234,74620.9291381836,0,17112264704,62914560000,4910243840,0
200,1743634005281,3696,3696,3696,3696,3696,3696,9.131660461425781,30.54778289794922,35.249290466308594,30.529930114746094,11.8782958984375,8.996856689453125,3081.0509643554688,87761.8515625,74624.75964355469,0,17112264704,62914560000,4909998080,0
200,1743634005481,3696,3696,3696,3696,3696,3696,11.521415710449219,28.88214874267578,24.74394989013672,36.54346466064453,18.169326782226563,11.750137329101563,3081.1812744140625,87766.4262084961,74628.63989257813,0,17112264704,62914560000,4909420544,0
200,1743634005681,3696,3696,3696,3696,3696,3696,7.274078369140625,30.468475341796875,25.68921661376953,25.8441162109375,29.34777069091797,10.67340087890625,3081.2977294921875,87771.0591430664,74632.55694580078,0,17112264704,62914560000,4906364928,0
200,1743634005882,3696,3696,3696,3696,3696,3696,7.8842620849609375,29.56066131591797,21.831710815429688,25.988235473632813,29.421646118164063,17.127418518066406,3081.413330078125,87775.62365722656,74636.44079589844,0,17112264704,62914560000,4905164800,0
200,1743634006082,3696,3696,3696,3696,3696,3696,12.041236877441406,40.70050048828125,29.520225524902344,20.34709930419922,19.255126953125,10.898338317871094,3081.546142578125,87780.28302001953,74640.40728759766,0,17112264704,62914560000,4909535232,0
200,1743634006282,3696,3696,3696,3696,3696,3696,12.458160400390625,34.313995361328125,24.016372680664063,28.17237091064453,14.242408752441406,13.072349548339844,3081.66064453125,87784.93688964844,74644.34948730469,0,17112264704,62914560000,4909289472,0
200,1743634006483,3696,3696,3696,3696,3696,3696,14.533126831054688,26.446792602539063,27.064620971679688,29.94305419921875,21.306472778320313,12.625083923339844,3081.781982421875,87789.57641601563,74648.30072021484,0,17112264704,62914560000,4909043712,0
200,1743634006683,3696,3696,3696,3696,3696,3696,13.482734680175781,30.38341522216797,16.7205810546875,24.218605041503906,23.827377319335938,13.977989196777344,3081.8976440429688,87794.12316894531,74652.126953125,0,17112264704,62914560000,4908797952,0
200,1743634006883,3696,3696,3696,3696,3696,3696,10.861465454101563,49.930824279785156,17.43719482421875,34.80164337158203,12.220748901367188,11.405479431152344,3082.0213012695313,87798.86010742188,74656.17474365234,0,17112264704,62914560000,4908220416,0
200,1743634007084,3696,3696,3696,3696,3696,3696,14.188323974609375,68.02995300292969,14.619239807128906,16.560874938964844,17.433876037597656,12.638557434082031,3082.1476440429688,87803.67462158203,74660.29846191406,0,17112264704,62914560000,4908752896,0
200,1743634007284,3696,3696,3696,3696,3696,3696,6.615364074707031,71.36639404296875,13.083366394042969,13.441238403320313,13.529006958007813,9.061546325683594,3082.2608642578125,87808.22564697266,74664.13739013672,0,17112264704,62914560000,4908507136,0
200,1743634007485,3696,3696,3696,3696,3696,3696,10.374038696289063,59.99189376831055,15.204666137695313,15.917205810546875,14.515113830566406,12.914863586425781,3082.3837890625,87812.78845214844,74668.01544189453,0,17112264704,62914560000,4907937792,0
200,1743634007685,3696,3696,3696,3696,3696,3696,9.408866882324219,32.140296936035156,21.555458068847656,17.36376953125,28.167068481445313,20.881240844726563,3082.504638671875,87817.37786865234,74671.91394042969,0,17112264704,62914560000,4907675648,0
200,1743634007885,3696,3696,3696,3696,3696,3696,7.9698944091796875,39.14310836791992,25.618209838867188,22.124282836914063,18.133651733398438,19.034584045410156,3082.62109375,87821.98138427734,74675.80859375,0,17112264704,62914560000,4907429888,0
200,1743634008086,3696,3696,3696,3696,3696,3696,8.960205078125,44.55482864379883,21.48041534423828,16.347763061523438,23.24756622314453,13.926986694335938,3082.75048828125,87826.58557128906,74679.70166015625,0,17112264704,62914560000,4909506560,0
200,1743634008286,3696,3696,3696,3696,3696,3696,12.338165283203125,65.4766845703125,16.8775634765625,11.673820495605469,8.906845092773438,12.476882934570313,3082.8640747070313,87831.12219238281,74683.54284667969,0,17112264704,62914560000,4909178880,0
200,1743634008487,3696,3696,3696,3696,3696,3696,9.798568725585938,33.52320098876953,16.796157836914063,36.95152282714844,16.72509002685547,15.840156555175781,3082.9774169921875,87835.90509033203,74687.65155029297,0,17112264704,62914560000,4906307584,0
200,1743634008687,3696,3696,3696,3696,3696,3696,11.639114379882813,48.170082092285156,30.51898956298828,17.933006286621094,17.68365478515625,13.33624267578125,3083.100830078125,87840.6841430664,74691.73193359375,0,17112264704,62914560000,4906053632,0
200,1743634008887,3696,3696,3696,3696,3696,3696,6.1874847412109375,33.052734375,21.911407470703125,44.41771697998047,16.279083251953125,13.254707336425781,3083.2257080078125,87845.41790771484,74695.7543334961,0,17112264704,62914560000,4905455616,0
200,1743634009087,3696,3696,3696,3696,3696,3696,14.855903625488281,30.109268188476563,26.544265747070313,23.903182983398438,19.619606018066406,16.54387664794922,3083.3502197265625,87850.0982055664,74699.74053955078,0,17112264704,62914560000,4909854720,0
200,1743634009288,3696,3696,3696,3696,3696,3696,11.148895263671875,26.920875549316406,28.406875610351563,34.753997802734375,14.885047912597656,8.190361022949219,3083.4639282226563,87854.6201171875,74703.55474853516,0,17112264704,62914560000,4909608960,0
200,1743634009488,3696,3696,3696,3696,3696,3696,15.595703125,44.9621467590332,20.884689331054688,20.403152465820313,14.546066284179688,11.942878723144531,3083.5849609375,87859.27703857422,74707.51666259766,0,17112264704,62914560000,4908236800,0
200,1743634009688,3696,3696,3696,3696,3696,3696,12.805061340332031,30.884994506835938,28.533920288085938,22.734153747558594,19.329307556152344,19.908973693847656,3083.7083740234375,87863.93469238281,74711.48974609375,0,17112264704,62914560000,4907962368,0
200,1743634009889,3696,3696,3696,3696,3696,3696,7.232810974121094,37.734554290771484,29.336387634277344,20.620895385742188,17.346412658691406,20.06153106689453,3083.8239135742188,87868.49353027344,74715.36145019531,0,17112264704,62914560000,4904579072,0
200,1743634010089,3696,3696,3696,3696,3696,3696,13.220085144042969,26.194923400878906,24.905654907226563,40.60059356689453,23.687522888183594,14.56915283203125,3083.9564208984375,87873.3793334961,74719.5267944336,0,17112264704,62914560000,4909297664,0
200,1743634010289,3696,3696,3696,3696,3696,3696,8.88623046875,25.736778259277344,21.7498779296875,39.549564361572266,18.150917053222656,12.596229553222656,3084.0714721679688,87878.1021118164,74723.55249023438,0,17112264704,62914560000,4909023232,0
200,1743634010489,3696,3696,3696,3696,3696,3696,10.743682861328125,27.446670532226563,14.666648864746094,14.478614807128906,31.853134155273438,29.16515350341797,3084.1861572265625,87882.78741455078,74727.5482788086,0,17112264704,62914560000,4909015040,0
200,1743634010690,3696,3696,3696,3696,3696,3696,15.353462219238281,18.039947509765625,16.65265655517578,20.26117706298828,34.979774475097656,25.79816436767578,3084.30859375,87887.4732055664,74731.54376220703,0,17112264704,62914560000,4908748800,0
200,1743634010890,3696,3696,3696,3696,3696,3696,7.075599670410156,25.89727783203125,31.257301330566406,25.7396240234375,25.90302276611328,15.797340393066406,3084.431884765625,87892.02001953125,74735.39770507813,0,17112264704,62914560000,4908187648,0
200,1743634011090,3696,3696,3696,3696,3696,3696,8.045074462890625,35.774803161621094,22.749618530273438,31.309288024902344,20.804702758789063,10.685478210449219,3084.5508422851563,87896.58837890625,74739.25323486328,0,17112264704,62914560000,4906930176,0
200,1743634011291,3696,3696,3696,3696,3696,3696,10.158584594726563,32.22167205810547,24.09142303466797,35.138572692871094,15.094001770019531,9.087936401367188,3084.6647338867188,87901.07482910156,74743.03088378906,0,17112264704,62914560000,4906688512,0
200,1743634011491,3696,3696,3696,3696,3696,3696,7.68548583984375,48.85580062866211,22.077362060546875,31.377273559570313,11.772430419921875,7.490135192871094,3084.78662109375,87905.77392578125,74747.04724121094,0,17112264704,62914560000,4906119168,0
200,1743634011692,3696,3696,3696,3696,3696,3696,13.577957153320313,26.818145751953125,36.99635696411133,18.462013244628906,27.060760498046875,18.037429809570313,3084.9099731445313,87910.6552734375,74751.23638916016,0,17112264704,62914560000,4905861120,0
200,1743634011892,3696,3696,3696,3696,3696,3696,14.442604064941406,35.178733825683594,37.100425720214844,18.754737854003906,15.136436462402344,9.121246337890625,3085.0256958007813,87915.22839355469,74755.09375,0,17112264704,62914560000,4905619456,0
199,1743634012093,3696,3696,3696,3696,3696,3696,18.048995971679688,29.649864196777344,31.084396362304688,34.33519744873047,15.50579833984375,10.414138793945313,3085.1529541015625,87920.19921875,74759.37109375,0,17112264704,62914560000,4909793280,0
200,1743634012293,3696,3696,3696,3696,3696,3696,12.965797424316406,30.308021545410156,24.65528106689453,28.48150634765625,17.79401397705078,12.609306335449219,3085.2737426757813,87924.94207763672,74763.40893554688,0,17112264704,62914560000,4908978176,0
200,1743634012494,3696,3696,3696,3696,3696,3696,14.331764221191406,32.701072692871094,32.69867706298828,23.41986846923828,15.335464477539063,9.523605346679688,3085.3870849609375,87929.46197509766,74767.24676513672,0,17112264704,62914560000,4906115072,0
200,1743634012694,3696,3696,3696,3696,3696,3696,14.638259887695313,28.069595336914063,30.021713256835938,31.54010772705078,16.515670776367188,12.159843444824219,3085.5088500976563,87934.10913085938,74771.2026977539,0,17112264704,62914560000,4904841216,0
200,1743634012894,3696,3696,3696,3696,3696,3696,19.634521484375,43.51310348510742,22.18378448486328,23.9468994140625,11.622917175292969,16.76312255859375,3085.63525390625,87938.76110839844,74775.14569091797,0,17112264704,62914560000,4904267776,0
199,1743634013094,3696,3696,3696,3696,3696,3696,13.69488525390625,52.86964797973633,22.420944213867188,20.11737823486328,14.62060546875,8.330223083496094,3085.7518920898438,87943.40319824219,74779.09362792969,0,17112264704,62914560000,4909797376,0
200,1743634013294,3696,3696,3696,3696,3696,3696,12.85552978515625,56.530418395996094,20.18840789794922,19.851852416992188,16.49335479736328,12.783203125,3085.8761596679688,87948.0405883789,74783.03094482422,0,17112264704,62914560000,4909060096,0
200,1743634013495,3696,3696,3696,3696,3696,3696,16.792076110839844,65.591552734375,29.288360595703125,36.77089309692383,16.815963745117188,25.644546508789063,3086.0040283203125,87953.8490600586,74788.1538696289,0,17112264704,62914560000,4908675072,0
200,1743634013695,3696,3696,3696,3696,3696,3696,12.615402221679688,26.90576934814453,22.764083862304688,28.82854461669922,15.469367980957031,25.17389678955078,3086.127197265625,87958.53991699219,74792.13446044922,0,17112264704,62914560000,4908482560,0
200,1743634013896,3696,3696,3696,3696,3696,3696,8.913124084472656,42.48112106323242,24.801429748535156,18.675247192382813,17.084556579589844,18.50121307373047,3086.2450561523438,87963.27880859375,74796.16955566406,0,17112264704,62914560000,4905500672,0
199,1743634014097,3696,3696,3696,3696,3696,3696,13.356498718261719,53.414833068847656,20.565589904785156,16.69713592529297,14.231491088867188,10.764945983886719,3086.3612670898438,87967.8515625,74800.052734375,0,17112264704,62914560000,4909588480,0
199,1743634014297,3696,3696,3696,3696,3696,3696,12.654067993164063,43.04307556152344,14.827651977539063,22.074554443359375,21.02850341796875,14.363304138183594,3086.4883422851563,87972.46197509766,74803.96685791016,0,17112264704,62914560000,4909019136,0
200,1743634014497,3696,3696,3696,3696,3696,3696,11.078079223632813,26.057098388671875,37.522457122802734,23.11809539794922,14.213096618652344,15.593215942382813,3086.6041870117188,87977.0053100586,74807.82012939453,0,17112264704,62914560000,4907732992,0
200,1743634014697,3696,3696,3696,3696,3696,3696,13.622169494628906,33.212493896484375,21.883277893066406,34.04212951660156,23.139312744140625,11.221725463867188,3086.72802734375,87981.70935058594,74811.80352783203,0,17112264704,62914560000,4907466752,0
200,1743634014898,3696,3696,3696,3696,3696,3696,7.894615173339844,35.501121520996094,14.469001770019531,28.986480712890625,28.785850524902344,15.509902954101563,3086.85205078125,87986.41247558594,74815.83123779297,0,17112264704,62914560000,4906893312,0
200,1743634015098,3696,3696,3696,3696,3696,3696,10.203742980957031,39.66866683959961,31.876792907714844,19.816024780273438,19.034385681152344,12.220718383789063,3086.9697265625,87991.23529052734,74819.95239257813,0,17112264704,62914560000,4909588480,0
200,1743634015298,3696,3696,3696,3696,3696,3696,10.048225402832031,38.322837829589844,29.392501831054688,26.57752227783203,14.271713256835938,9.728118896484375,3087.0911865234375,87995.81591796875,74823.82012939453,0,17112264704,62914560000,4906852352,0
200,1743634015498,3696,3696,3696,3696,3696,3696,13.348289489746094,40.306495666503906,26.124237060546875,28.848983764648438,13.209732055664063,6.864501953125,3087.2091674804688,88000.35626220703,74827.6734008789,0,17112264704,62914560000,4906606592,0
200,1743634015699,3696,3696,3696,3696,3696,3696,13.965446472167969,36.6702995300293,16.626235961914063,25.251327514648438,29.777786254882813,10.324317932128906,3087.335693359375,88005.09130859375,74831.71661376953,0,17112264704,62914560000,4906041344,0
200,1743634015899,3696,3696,3696,3696,3696,3696,9.675727844238281,23.686546325683594,12.763702392578125,26.357337951660156,33.846893310546875,29.373550415039063,3087.4523315429688,88009.90625,74835.82055664063,0,17112264704,62914560000,4905795584,0
200,1743634016100,3696,3696,3696,3696,3696,3696,15.08062744140625,33.33921813964844,17.12346649169922,23.539382934570313,22.485397338867188,21.327789306640625,3087.5720825195313,88014.58825683594,74839.81805419922,0,17112264704,62914560000,4909531136,0
200,1743634016300,3696,3696,3696,3696,3696,3696,13.739555358886719,40.943363189697266,27.744659423828125,27.426979064941406,13.070541381835938,13.206192016601563,3087.7015991210938,88019.5082397461,74844.02624511719,0,17112264704,62914560000,4908937216,0
200,1743634016501,3696,3696,3696,3696,3696,3696,15.799423217773438,40.67019271850586,26.35698699951172,20.67595672607422,14.724250793457031,11.096672058105469,3087.8162231445313,88024.42517089844,74848.25341796875,0,17112264704,62914560000,4908691456,0
200,1743634016701,3696,3696,3696,3696,3696,3696,15.219291687011719,42.04740905761719,30.59307861328125,20.28240203857422,14.546531677246094,10.886848449707031,3087.9388427734375,88029.0492553711,74852.18548583984,0,17112264704,62914560000,4905676800,0
200,1743634016901,3696,3696,3696,3696,3696,3696,22.870529174804688,25.341941833496094,35.64039611816406,15.780708312988281,16.860366821289063,13.680900573730469,3088.064697265625,88033.58099365234,74856.01879882813,0,17112264704,62914560000,4905168896,0
200,1743634017102,3696,3696,3696,3696,3696,3696,17.373336791992188,39.819210052490234,21.98455047607422,22.524673461914063,16.102821350097656,15.968711853027344,3088.1859130859375,88038.38848876953,74860.10540771484,0,17112264704,62914560000,4909625344,0
200,1743634017302,3696,3696,3696,3696,3696,3696,15.127738952636719,37.52592849731445,27.462142944335938,22.94652557373047,13.901275634765625,12.140945434570313,3088.3052368164063,88042.95532226563,74863.98828125,0,17112264704,62914560000,4909379584,0
199,1743634017503,3696,3696,3696,3696,3696,3696,12.795074462890625,37.44694900512695,33.07373809814453,16.65985107421875,12.991477966308594,10.787574768066406,3088.41845703125,88047.43963623047,74867.76245117188,0,17112264704,62914560000,4909133824,0
199,1743634017703,3696,3696,3696,3696,3696,3696,13.325981140136719,29.870269775390625,41.28990936279297,24.85431671142578,13.995819091796875,19.052810668945313,3088.5513305664063,88052.12902832031,74871.75274658203,0,17112264704,62914560000,4907470848,0
200,1743634017903,3696,3696,3696,3696,3696,3696,8.714118957519531,25.47663116455078,21.309478759765625,30.593116760253906,20.378631591796875,22.2208251953125,3088.6661987304688,88056.84759521484,74875.78210449219,0,17112264704,62914560000,4904566784,0
200,1743634018104,3696,3696,3696,3696,3696,3696,8.191070556640625,28.503036499023438,26.982749938964844,32.25151062011719,20.42559814453125,18.678688049316406,3088.7857055664063,88061.47692871094,74879.72979736328,0,17112264704,62914560000,4908576768,0
200,1743634018304,3696,3696,3696,3696,3696,3696,9.611907958984375,25.57965087890625,22.49451446533203,23.041656494140625,33.68164825439453,13.823867797851563,3088.916259765625,88066.0668334961,74883.59967041016,0,17112264704,62914560000,4907929600,0
200,1743634018505,3696,3696,3696,3696,3696,3696,7.190605163574219,27.771636962890625,21.37151336669922,36.06448745727539,25.15650177001953,8.161453247070313,3089.0283203125,88070.6441040039,74887.49450683594,0,17112264704,62914560000,4907683840,0
200,1743634018705,3696,3696,3696,3696,3696,3696,15.622489929199219,37.89290237426758,20.781654357910156,43.938533782958984,16.483383178710938,10.257736206054688,3089.1473999023438,88075.58679199219,74891.72790527344,0,17112264704,62914560000,4907438080,0
200,1743634018906,3696,3696,3696,3696,3696,3696,11.793853759765625,49.12664794921875,16.991477966308594,24.422409057617188,13.186119079589844,14.434356689453125,3089.2664184570313,88080.25952148438,74895.71716308594,0,17112264704,62914560000,4907184128,0
200,1743634019106,3696,3696,3696,3696,3696,3696,13.4276123046875,54.156124114990234,20.70917510986328,17.42375946044922,17.642662048339844,10.811920166015625,3089.3880615234375,88085.02465820313,74899.77142333984,0,17112264704,62914560000,4909445120,0
200,1743634019306,3696,3696,3696,3696,3696,3696,13.077156066894531,56.28080368041992,23.715599060058594,18.364479064941406,17.511680603027344,14.146873474121094,3089.5109252929688,88089.91436767578,74903.9682006836,0,17112264704,62914560000,4906385408,0
200,1743634019507,3696,3696,3696,3696,3696,3696,9.518768310546875,49.978057861328125,19.70343780517578,22.70830535888672,12.284149169921875,12.055938720703125,3089.6222534179688,88094.56188964844,74907.9398803711,0,17112264704,62914560000,4906139648,0
200,1743634019707,3696,3696,3696,3696,3696,3696,10.962776184082031,42.717323303222656,14.25714111328125,19.141090393066406,29.82727813720703,14.560066223144531,3089.7484130859375,88099.22473144531,74911.88494873047,0,17112264704,62914560000,4905549824,0
200,1743634019908,3696,3696,3696,3696,3696,3696,12.560691833496094,27.446205139160156,19.145309448242188,17.948165893554688,23.936508178710938,32.42558288574219,3089.8663940429688,88103.88427734375,74915.83404541016,0,17112264704,62914560000,4905304064,0
200,1743634020108,3696,3696,3696,3696,3696,3696,14.558967590332031,26.451736450195313,27.342796325683594,17.907623291015625,30.48607635498047,31.872421264648438,3090.0009765625,88108.80291748047,74920.06176757813,0,17112264704,62914560000,4910059520,0
200,1743634020309,3696,3696,3696,3696,3696,3696,14.371124267578125,44.61574172973633,18.338287353515625,17.541534423828125,18.932785034179688,21.131072998046875,3090.13232421875,88113.46746826172,74924.04028320313,0,17112264704,62914560000,4909449216,0
200,1743634020509,3696,3696,3696,3696,3696,3696,11.104949951171875,25.39580535888672,20.61809539794922,22.64698028564453,33.25483703613281,15.337051391601563,3090.2471923828125,88118.09704589844,74927.94952392578,0,17112264704,62914560000,4909195264,0
200,1743634020710,3696,3696,3696,3696,3696,3696,14.156944274902344,27.654129028320313,19.823165893554688,14.209609985351563,42.42849349975586,17.37554168701172,3090.3628540039063,88122.76275634766,74931.92932128906,0,17112264704,62914560000,4906455040,0
200,1743634020910,3696,3696,3696,3696,3696,3696,14.075309753417969,30.593223571777344,25.330718994140625,22.11492156982422,28.864273071289063,22.59918975830078,3090.4920043945313,88127.560546875,74936.01385498047,0,17112264704,62914560000,4906442752,0
199,1743634021111,3696,3696,3696,3696,3696,3696,16.77606964111328,45.967132568359375,19.774871826171875,26.754226684570313,20.318038940429688,19.45269775390625,3090.6334228515625,88132.52642822266,74940.29260253906,0,17112264704,62914560000,4910977024,0
199,1743634021311,3696,3696,3696,3696,3696,3696,11.156166076660156,45.44926452636719,22.35601806640625,21.0804443359375,16.411468505859375,15.596359252929688,3090.7512817382813,88137.2006225586,74944.27380371094,0,17112264704,62914560000,4910194688,0
200,1743634021511,3696,3696,3696,3696,3696,3696,9.644943237304688,39.202476501464844,20.610816955566406,25.892959594726563,16.3240966796875,15.522552490234375,3090.8629150390625,88141.85284423828,74948.23571777344,0,17112264704,62914560000,4910194688,0
199,1743634021711,3696,3696,3696,3696,3696,3696,11.443740844726563,39.67399215698242,20.01256561279297,22.09662628173828,18.281349182128906,17.85400390625,3090.9855346679688,88146.60705566406,74952.2738647461,0,17112264704,62914560000,4909858816,0
199,1743634021911,3696,3696,3696,3696,3696,3696,10.46826171875,26.753692626953125,19.06879425048828,29.256210327148438,29.05609893798828,18.530899047851563,3091.1057739257813,88151.17706298828,74956.1494140625,0,17112264704,62914560000,4907524096,0
199,1743634022111,3696,3696,3696,3696,3696,3696,11.425773620605469,25.8641357421875,21.60693359375,25.93932342529297,26.740272521972656,15.907691955566406,3091.22265625,88155.73217773438,74960.00885009766,0,17112264704,62914560000,4912246784,0
199,1743634022311,3696,3696,3696,3696,3696,3696,9.074630737304688,28.876441955566406,15.867118835449219,38.742977142333984,22.824020385742188,18.40679931640625,3091.3472290039063,88160.33825683594,74963.92114257813,0,17112264704,62914560000,4911919104,0
199,1743634022511,3696,3696,3696,3696,3696,3696,12.210090637207031,26.687278747558594,19.664764404296875,25.858314514160156,24.854385375976563,18.54151153564453,3091.460205078125,88164.90710449219,74967.79870605469,0,17112264704,62914560000,4911915008,0
200,1743634022711,3696,3696,3696,3696,3696,3696,10.568840026855469,24.106399536132813,24.70367431640625,32.99468231201172,20.82231903076172,17.110260009765625,3091.5747680664063,88169.48706054688,74971.68249511719,0,17112264704,62914560000,4911915008,0
200,1743634022912,3696,3696,3696,3696,3696,3696,16.556907653808594,35.58168029785156,20.27001953125,22.4647216796875,23.920486450195313,20.279708862304688,3091.7002563476563,88174.130859375,74975.6376953125,0,17112264704,62914560000,4911898624,0
200,1743634023112,3696,3696,3696,3696,3696,3696,10.199813842773438,53.870811462402344,16.635498046875,18.9769287109375,17.13239288330078,10.876953125,3091.824462890625,88178.66668701172,74979.47723388672,0,17112264704,62914560000,4912275456,0
200,1743634023312,3696,3696,3696,3696,3696,3696,15.628997802734375,47.495609283447266,17.62177276611328,24.67200469970703,15.873344421386719,14.751579284667969,3091.947998046875,88183.32647705078,74983.41607666016,0,17112264704,62914560000,4909453312,0
200,1743634023513,3696,3696,3696,3696,3696,3696,12.996383666992188,48.67385482788086,14.647628784179688,18.370285034179688,18.874237060546875,9.697593688964844,3092.062255859375,88187.80975341797,74987.21466064453,0,17112264704,62914560000,4909453312,0
200,1743634023713,3696,3696,3696,3696,3696,3696,11.005355834960938,40.22417449951172,14.260749816894531,19.779678344726563,14.731491088867188,25.982467651367188,3092.183349609375,88192.29473876953,74991.0073852539,0,17112264704,62914560000,4909133824,0
199,1743634023913,3696,3696,3696,3696,3696,3696,19.521957397460938,40.076045989990234,22.8555908203125,27.98784637451172,19.635711669921875,20.67023468017578,3092.3118286132813,88197.14263916016,74995.13946533203,0,17112264704,62914560000,4908331008,0
200,1743634024113,3696,3696,3696,3696,3696,3696,9.925010681152344,51.28427505493164,14.253067016601563,17.398895263671875,14.715126037597656,18.592567443847656,3092.4286499023438,88201.63653564453,74998.939453125,0,17112264704,62914560000,4912152576,0
200,1743634024314,3696,3696,3696,3696,3696,3696,7.9784088134765625,46.0380973815918,29.310745239257813,16.56005096435547,12.107017517089844,14.7608642578125,3092.542724609375,88206.1494140625,75002.77630615234,0,17112264704,62914560000,4912136192,0
200,1743634024514,3696,3696,3696,3696,3696,3696,11.185821533203125,56.40021514892578,19.33686065673828,13.95062255859375,12.081573486328125,13.863327026367188,3092.6654663085938,88210.69732666016,75006.62292480469,0,17112264704,62914560000,4911812608,0
200,1743634024714,3696,3696,3696,3696,3696,3696,9.629486083984375,55.65907287597656,20.73541259765625,16.157020568847656,12.995468139648438,11.587173461914063,3092.780029296875,88215.33911132813,75010.54888916016,0,17112264704,62914560000,4909158400,0
200,1743634024915,3696,3696,3696,3696,3696,3696,10.547988891601563,52.33631134033203,21.47454833984375,20.55742645263672,15.933052062988281,17.379737854003906,3092.9033813476563,88220.11437988281,75014.63665771484,0,17112264704,62914560000,4909158400,0
200,1743634025115,3696,3696,3696,3696,3696,3696,10.372947692871094,64.29664611816406,15.670310974121094,14.956298828125,13.465538024902344,10.533683776855469,3093.0294189453125,88224.71087646484,75018.54803466797,0,17112264704,62914560000,4912070656,0
200,1743634025315,3696,3696,3696,3696,3696,3696,9.858711242675781,53.12886428833008,18.556777954101563,21.50354766845703,17.179588317871094,17.47710418701172,3093.1458740234375,88229.48931884766,75022.60998535156,0,17112264704,62914560000,4912058368,0
200,1743634025515,3696,3696,3696,3696,3696,3696,8.348396301269531,46.919769287109375,22.744674682617188,19.778778076171875,14.730628967285156,19.602577209472656,3093.2679443359375,88234.15954589844,75026.58502197266,0,17112264704,62914560000,4912050176,0
200,1743634025716,3696,3696,3696,3696,3696,3696,9.753623962402344,53.72532272338867,13.886650085449219,16.217308044433594,13.485725402832031,18.17931365966797,3093.3866577148438,88238.95916748047,75030.70806884766,0,17112264704,62914560000,4911726592,0
200,1743634025916,3696,3696,3696,3696,3696,3696,12.575035095214844,35.196319580078125,21.71002960205078,29.099510192871094,19.398956298828125,24.96562957763672,3093.5133666992188,88243.86712646484,75034.89031982422,0,17112264704,62914560000,4911702016,0
200,1743634026117,3696,3696,3696,3696,3696,3696,13.8814697265625,32.25482940673828,18.129531860351563,39.587974548339844,22.372451782226563,20.667137145996094,3093.6414184570313,88248.83563232422,75039.17462158203,0,17112264704,62914560000,4911603712,0
200,1743634026317,3696,3696,3696,3696,3696,3696,12.603866577148438,30.49425506591797,27.950546264648438,25.886756896972656,15.259368896484375,14.959297180175781,3093.7556762695313,88253.39294433594,75043.0224609375,0,17112264704,62914560000,4910764032,0
200,1743634026517,3696,3696,3696,3696,3696,3696,12.350349426269531,25.844749450683594,21.142112731933594,40.5456657409668,10.562240600585938,19.697967529296875,3093.8827514648438,88258.0326538086,75046.97271728516,0,17112264704,62914560000,4910436352,0
200,1743634026718,3696,3696,3696,3696,3696,3696,12.402549743652344,22.095748901367188,34.296958923339844,32.82316589355469,10.884918212890625,12.78363037109375,3093.995849609375,88262.61572265625,75050.88110351563,0,17112264704,62914560000,4910436352,0
200,1743634026918,3696,3696,3696,3696,3696,3696,19.148231506347656,21.864028930664063,17.95806121826172,39.73855209350586,29.071624755859375,17.77326202392578,3094.1218872070313,88267.4984741211,75055.03741455078,0,17112264704,62914560000,4910436352,0
200,1743634027119,3696,3696,3696,3696,3696,3696,11.655479431152344,41.327484130859375,23.95013427734375,20.45667266845703,23.610496520996094,10.738838195800781,3094.2470703125,88272.3023071289,75059.16101074219,0,17112264704,62914560000,4911869952,0
200,1743634027319,3696,3696,3696,3696,3696,3696,12.4700927734375,51.688682556152344,17.43938446044922,21.299827575683594,17.991294860839844,8.705909729003906,3094.3604736328125,88277.01934814453,75063.18493652344,0,17112264704,62914560000,4911865856,0
200,1743634027520,3696,3696,3696,3696,3696,3696,13.210220336914063,40.46387481689453,21.881195068359375,15.956329345703125,17.316856384277344,21.077316284179688,3094.4819946289063,88281.73266601563,75067.18920898438,0,17112264704,62914560000,4908040192,0
200,1743634027720,3696,3696,3696,3696,3696,3696,10.60443115234375,40.58916473388672,38.53737258911133,12.249824523925781,16.901321411132813,10.060997009277344,3094.605712890625,88286.58563232422,75071.3349609375,0,17112264704,62914560000,4907741184,0
200,1743634027921,3696,3696,3696,3696,3696,3696,13.664474487304688,26.393997192382813,19.88990020751953,29.891708374023438,29.22393035888672,37.468971252441406,3094.7290649414063,88291.53411865234,75075.5990600586,0,17112264704,62914560000,4906942464,0
200,1743634028121,3696,3696,3696,3696,3696,3696,11.677162170410156,39.559757232666016,14.36962890625,26.698226928710938,20.28313446044922,14.195281982421875,3094.8489379882813,88296.12225341797,75079.48974609375,0,17112264704,62914560000,4911624192,0
200,1743634028321,3696,3696,3696,3696,3696,3696,9.742233276367188,36.30841064453125,21.475921630859375,32.07525634765625,22.184852600097656,11.13177490234375,3094.966064453125,88300.76861572266,75083.42755126953,0,17112264704,62914560000,4911415296,0
200,1743634028522,3696,3696,3696,3696,3696,3696,10.933151245117188,31.304718017578125,24.703475952148438,35.971221923828125,16.412368774414063,11.415901184082031,3095.093505859375,88305.31671142578,75087.28637695313,0,17112264704,62914560000,4911083520,0
200,1743634028722,3696,3696,3696,3696,3696,3696,13.3565673828125,33.542755126953125,19.60443878173828,35.096595764160156,17.80077362060547,7.632682800292969,3095.210693359375,88309.93170166016,75091.18371582031,0,17112264704,62914560000,4908478464,0
200,1743634028923,3696,3696,3696,3696,3696,3696,12.888336181640625,31.0955810546875,20.84471893310547,39.38230514526367,14.372344970703125,21.822296142578125,3095.3328857421875,88314.68737792969,75095.25573730469,0,17112264704,62914560000,4908478464,0
200,1743634029123,3696,3696,3696,3696,3696,3696,15.477188110351563,37.14354705810547,18.166549682617188,35.45619201660156,12.972816467285156,7.784400939941406,3095.4568481445313,88319.48712158203,75099.37200927734,0,17112264704,62914560000,4911185920,0
200,1743634029323,3696,3696,3696,3696,3696,3696,12.786041259765625,42.66304397583008,20.00041961669922,20.424636840820313,17.78437042236328,15.593505859375,3095.5733642578125,88324.24542236328,75103.4096069336,0,17112264704,62914560000,4911173632,0
200,1743634029524,3696,3696,3696,3696,3696,3696,12.950286865234375,47.50358963012695,23.969161987304688,22.29344940185547,16.17292022705078,10.882041931152344,3095.6942749023438,88328.87316894531,75107.34362792969,0,17112264704,62914560000,4911161344,0
200,1743634029724,3696,3696,3696,3696,3696,3696,6.0969390869140625,48.16102600097656,18.989089965820313,30.31671905517578,11.754646301269531,9.223976135253906,3095.8121337890625,88333.46026611328,75111.24914550781,0,17112264704,62914560000,4911149056,0
200,1743634029925,3696,3696,3696,3696,3696,3696,14.1622314453125,31.99517059326172,27.011817932128906,33.9373779296875,18.07268524169922,21.965362548828125,3095.9387817382813,88338.27941894531,75115.36376953125,0,17112264704,62914560000,4910829568,0
200,1743634030125,3696,3696,3696,3696,3696,3696,10.070938110351563,33.928009033203125,21.033538818359375,31.370132446289063,16.6102294921875,13.1365966796875,3096.0581665039063,88342.78839111328,75119.1587524414,0,17112264704,62914560000,4909072384,0
200,1743634030326,3696,3696,3696,3696,3696,3696,10.488807678222656,33.41224670410156,20.875656127929688,26.897933959960938,23.85094451904297,9.200660705566406,3096.172119140625,88347.19482421875,75122.88415527344,0,17112264704,62914560000,4909072384,0
200,1743634030526,3696,3696,3696,3696,3696,3696,14.010063171386719,25.125839233398438,36.831241607666016,27.218170166015625,18.79345703125,9.741706848144531,3096.301513671875,88351.8286743164,75126.8271484375,0,17112264704,62914560000,4908756992,0
200,1743634030727,3696,3696,3696,3696,3696,3696,10.246177673339844,39.24711608886719,19.78197479248047,29.35308837890625,16.03656005859375,12.326004028320313,3096.4147338867188,88356.62829589844,75130.91906738281,0,17112264704,62914560000,4908765184,0
200,1743634030927,3696,3696,3696,3696,3696,3696,14.745635986328125,32.13929748535156,18.982986450195313,34.81988525390625,19.062271118164063,21.36168670654297,3096.5338745117188,88361.57611083984,75135.1752319336,0,17112264704,62914560000,4907958272,0
200,1743634031127,3696,3696,3696,3696,3696,3696,14.329071044921875,39.41571044921875,27.267532348632813,20.795082092285156,16.849220275878906,13.068450927734375,3096.6673583984375,88366.24829101563,75139.13403320313,0,17112264704,62914560000,4911239168,0
200,1743634031328,3696,3696,3696,3696,3696,3696,12.127540588378906,47.33610534667969,20.583396911621094,20.222572326660156,17.25318145751953,17.188308715820313,3096.7816162109375,88371.02136230469,75143.22192382813,0,17112264704,62914560000,4911239168,0
200,1743634031528,3696,3696,3696,3696,3696,3696,18.9764404296875,47.46398162841797,16.614402770996094,22.074974060058594,15.058517456054688,15.043472290039063,3096.9052124023438,88375.79174804688,75147.27471923828,0,17112264704,62914560000,4908752896,0
200,1743634031729,3696,3696,3696,3696,3696,3696,10.900543212890625,48.620731353759766,22.50934600830078,21.270309448242188,13.920501708984375,6.808769226074219,3097.0177001953125,88380.32360839844,75151.12994384766,0,17112264704,62914560000,4908752896,0
200,1743634031929,3696,3696,3696,3696,3696,3696,11.391944885253906,40.98447036743164,22.94463348388672,18.56829071044922,24.69780731201172,13.984329223632813,3097.1422729492188,88385.05847167969,75155.14678955078,0,17112264704,62914560000,4908437504,0
200,1743634032130,3696,3696,3696,3696,3696,3696,11.062370300292969,46.381263732910156,21.066879272460938,22.51915740966797,23.507911682128906,9.647415161132813,3097.2667236328125,88389.71771240234,75159.12225341797,0,17112264704,62914560000,4911419392,0
200,1743634032330,3696,3696,3696,3696,3696,3696,9.748497009277344,33.259071350097656,23.242813110351563,17.36986541748047,21.808120727539063,18.65766143798828,3097.3801879882813,88394.2886352539,75162.97741699219,0,17112264704,62914560000,4911407104,0
200,1743634032530,3696,3696,3696,3696,3696,3696,7.004081726074219,28.108123779296875,29.77978515625,24.153663635253906,28.199783325195313,6.118003845214844,3097.516845703125,88398.75592041016,75166.75427246094,0,17112264704,62914560000,4911042560,0
200,1743634032731,3696,3696,3696,3696,3696,3696,9.640602111816406,57.18340301513672,7.664314270019531,24.505905151367188,15.562271118164063,7.045158386230469,3097.7449340820313,88402.99475097656,75170.26104736328,0,17112264704,62914560000,4910010368,0
200,1743634032931,3696,3696,3696,3696,3696,3696,0.7995071411132813,69.25275421142578,7.816612243652344,2.8185577392578125,2.6883544921875,32.56757354736328,3098.0691528320313,88406.93786621094,75173.47674560547,0,17112264704,62914560000,4905934848,0
1,1743634033132,3696,3696,3696,3696,3696,3696,21.083580017089844,22.58386993408203,18.799331665039063,11.845794677734375,24.450439453125,11.474525451660156,3098.3202514648438,88410.6005859375,75176.39758300781,0,17112264704,62914560000,4492570624,0
